  2.000000000000000E-003  2.000000000000000E-003 -0.393440756991495     
  2.000000000000000E-003  0.307153750000000      -0.428216632552637     
  2.000000000000000E-003  0.612307500000000      -0.441853057645593     
  2.000000000000000E-003  0.917461250000000      -0.436936713147028     
  2.000000000000000E-003   1.22261500000000      -0.428494133649365     
  2.000000000000000E-003   1.52776875000000      -0.419565166281946     
  2.000000000000000E-003   1.83292250000000      -0.410694249631600     
  2.000000000000000E-003   2.13807625000000      -0.403057935127921     
  2.000000000000000E-003   2.44323000000000      -0.397895063017441     
  2.000000000000000E-003   2.74838375000000      -0.392732330258986     
  2.000000000000000E-003   3.05353750000000      -0.385430348095204     
  2.000000000000000E-003   3.35869125000000      -0.373607053997707     
  2.000000000000000E-003   3.66384500000000      -0.352719248409891     
  2.000000000000000E-003   3.96899875000000      -0.337287148748391     
  2.000000000000000E-003   4.27415250000000      -0.314233488673172     
  2.000000000000000E-003   4.57930625000000      -0.282970268885202     
  2.000000000000000E-003   4.88446000000000      -0.253871957454832     
  2.000000000000000E-003   5.18961375000000      -0.231027176390476     
  2.000000000000000E-003   5.49476750000000      -0.214635062089162     
  2.000000000000000E-003   5.79992125000000      -0.203957002523920     
  2.000000000000000E-003   6.10507500000000      -0.198175163339613     
  2.000000000000000E-003   6.41022875000000      -0.196489708250192     
  2.000000000000000E-003   6.71538250000000      -0.196591506833209     
  2.000000000000000E-003   7.02053625000000      -0.190281029677892     
  2.000000000000000E-003   7.32569000000000      -0.177507628792338     
  0.307153750000000       2.000000000000000E-003 -0.428216770759038     
  0.307153750000000       0.307153750000000      -0.408380956015165     
  0.307153750000000       0.612307500000000      -0.440611302889885     
  0.307153750000000       0.917461250000000      -0.463976989470030     
  0.307153750000000        1.22261500000000      -0.467929250171055     
  0.307153750000000        1.52776875000000      -0.462686039031426     
  0.307153750000000        1.83292250000000      -0.453789214657794     
  0.307153750000000        2.13807625000000      -0.444248072024701     
  0.307153750000000        2.44323000000000      -0.436253896102352     
  0.307153750000000        2.74838375000000      -0.425902861887702     
  0.307153750000000        3.05353750000000      -0.409021072261751     
  0.307153750000000        3.35869125000000      -0.385255357457702     
  0.307153750000000        3.66384500000000      -0.360425625789877     
  0.307153750000000        3.96899875000000      -0.340673160245295     
  0.307153750000000        4.27415250000000      -0.316873166707885     
  0.307153750000000        4.57930625000000      -0.287821416986707     
  0.307153750000000        4.88446000000000      -0.260235276043220     
  0.307153750000000        5.18961375000000      -0.237894091090491     
  0.307153750000000        5.49476750000000      -0.221024662933917     
  0.307153750000000        5.79992125000000      -0.209269413445092     
  0.307153750000000        6.10507500000000      -0.201733636869892     
  0.307153750000000        6.41022875000000      -0.197108869326278     
  0.307153750000000        6.71538250000000      -0.192570500677891     
  0.307153750000000        7.02053625000000      -0.186148311754065     
  0.307153750000000        7.32569000000000      -0.182827133806609     
  0.612307500000000       2.000000000000000E-003 -0.441853644385472     
  0.612307500000000       0.307153750000000      -0.440611900998962     
  0.612307500000000       0.612307500000000      -0.461619600809046     
  0.612307500000000       0.917461250000000      -0.490783330127304     
  0.612307500000000        1.22261500000000      -0.503992870877625     
  0.612307500000000        1.52776875000000      -0.504015984178826     
  0.612307500000000        1.83292250000000      -0.496091280017795     
  0.612307500000000        2.13807625000000      -0.485517061391418     
  0.612307500000000        2.44323000000000      -0.473616489261009     
  0.612307500000000        2.74838375000000      -0.457462078858139     
  0.612307500000000        3.05353750000000      -0.432289807109497     
  0.612307500000000        3.35869125000000      -0.399176286727452     
  0.612307500000000        3.66384500000000      -0.365803954594605     
  0.612307500000000        3.96899875000000      -0.338610454010298     
  0.612307500000000        4.27415250000000      -0.313311253494508     
  0.612307500000000        4.57930625000000      -0.287373473805893     
  0.612307500000000        4.88446000000000      -0.263226753030507     
  0.612307500000000        5.18961375000000      -0.242790085770863     
  0.612307500000000        5.49476750000000      -0.226236431847157     
  0.612307500000000        5.79992125000000      -0.213712770777958     
  0.612307500000000        6.10507500000000      -0.204564521560763     
  0.612307500000000        6.41022875000000      -0.197557836747746     
  0.612307500000000        6.71538250000000      -0.191448254164107     
  0.612307500000000        7.02053625000000      -0.186937752904081     
  0.612307500000000        7.32569000000000      -0.181801531848635     
  0.917461250000000       2.000000000000000E-003 -0.436937539555805     
  0.917461250000000       0.307153750000000      -0.463977701491754     
  0.917461250000000       0.612307500000000      -0.490783651131583     
  0.917461250000000       0.917461250000000      -0.518095617048315     
  0.917461250000000        1.22261500000000      -0.534912212913542     
  0.917461250000000        1.52776875000000      -0.538877750803664     
  0.917461250000000        1.83292250000000      -0.532532443109058     
  0.917461250000000        2.13807625000000      -0.522748105425591     
  0.917461250000000        2.44323000000000      -0.507151436187387     
  0.917461250000000        2.74838375000000      -0.484094261539317     
  0.917461250000000        3.05353750000000      -0.453334510536131     
  0.917461250000000        3.35869125000000      -0.415537244632289     
  0.917461250000000        3.66384500000000      -0.376762210435520     
  0.917461250000000        3.96899875000000      -0.342580693864938     
  0.917461250000000        4.27415250000000      -0.313435408166557     
  0.917461250000000        4.57930625000000      -0.288065993830383     
  0.917461250000000        4.88446000000000      -0.265844752661640     
  0.917461250000000        5.18961375000000      -0.246591773190847     
  0.917461250000000        5.49476750000000      -0.230407970177088     
  0.917461250000000        5.79992125000000      -0.217376249173356     
  0.917461250000000        6.10507500000000      -0.207135833361811     
  0.917461250000000        6.41022875000000      -0.198887734471302     
  0.917461250000000        6.71538250000000      -0.192083738882771     
  0.917461250000000        7.02053625000000      -0.186219860784677     
  0.917461250000000        7.32569000000000      -0.178961524273999     
   1.22261500000000       2.000000000000000E-003 -0.428494947388993     
   1.22261500000000       0.307153750000000      -0.467929908272732     
   1.22261500000000       0.612307500000000      -0.503993267916271     
   1.22261500000000       0.917461250000000      -0.534912369425639     
   1.22261500000000        1.22261500000000      -0.555288126210114     
   1.22261500000000        1.52776875000000      -0.562563158405268     
   1.22261500000000        1.83292250000000      -0.560033282588710     
   1.22261500000000        2.13807625000000      -0.551411217904089     
   1.22261500000000        2.44323000000000      -0.532530854199781     
   1.22261500000000        2.74838375000000      -0.503289296883799     
   1.22261500000000        3.05353750000000      -0.466538316919021     
   1.22261500000000        3.35869125000000      -0.425947664353894     
   1.22261500000000        3.66384500000000      -0.385067477506258     
   1.22261500000000        3.96899875000000      -0.347953187100054     
   1.22261500000000        4.27415250000000      -0.316653580256457     
   1.22261500000000        4.57930625000000      -0.290650899360071     
   1.22261500000000        4.88446000000000      -0.268601261760949     
   1.22261500000000        5.18961375000000      -0.249707797169030     
   1.22261500000000        5.49476750000000      -0.233617815674325     
   1.22261500000000        5.79992125000000      -0.220155872326286     
   1.22261500000000        6.10507500000000      -0.209030921762597     
   1.22261500000000        6.41022875000000      -0.199668100609080     
   1.22261500000000        6.71538250000000      -0.191568999847058     
   1.22261500000000        7.02053625000000      -0.184035814749974     
   1.22261500000000        7.32569000000000      -0.175915991801234     
   1.52776875000000       2.000000000000000E-003 -0.419565883333591     
   1.52776875000000       0.307153750000000      -0.462686619424472     
   1.52776875000000       0.612307500000000      -0.504016383343118     
   1.52776875000000       0.917461250000000      -0.538877977003814     
   1.52776875000000        1.22261500000000      -0.562563255001184     
   1.52776875000000        1.52776875000000      -0.573925022392629     
   1.52776875000000        1.83292250000000      -0.576553809490203     
   1.52776875000000        2.13807625000000      -0.567404770877584     
   1.52776875000000        2.44323000000000      -0.545323751218343     
   1.52776875000000        2.74838375000000      -0.512127778469938     
   1.52776875000000        3.05353750000000      -0.471816581895242     
   1.52776875000000        3.35869125000000      -0.429021542303606     
   1.52776875000000        3.66384500000000      -0.387760231426942     
   1.52776875000000        3.96899875000000      -0.350813875168402     
   1.52776875000000        4.27415250000000      -0.319342011836800     
   1.52776875000000        4.57930625000000      -0.293016418607668     
   1.52776875000000        4.88446000000000      -0.270872636855313     
   1.52776875000000        5.18961375000000      -0.252032388381575     
   1.52776875000000        5.49476750000000      -0.235894008458710     
   1.52776875000000        5.79992125000000      -0.222041312043983     
   1.52776875000000        6.10507500000000      -0.210110194573245     
   1.52776875000000        6.41022875000000      -0.199678800002952     
   1.52776875000000        6.71538250000000      -0.190348993940571     
   1.52776875000000        7.02053625000000      -0.181694263165595     
   1.52776875000000        7.32569000000000      -0.173256734552215     
   1.83292250000000       2.000000000000000E-003 -0.410694933995365     
   1.83292250000000       0.307153750000000      -0.453789790262871     
   1.83292250000000       0.612307500000000      -0.496091720037276     
   1.83292250000000       0.917461250000000      -0.532532751233351     
   1.83292250000000        1.22261500000000      -0.560033468297059     
   1.83292250000000        1.52776875000000      -0.576553889488025     
   1.83292250000000        1.83292250000000      -0.579687431981491     
   1.83292250000000        2.13807625000000      -0.568196042518904     
   1.83292250000000        2.44323000000000      -0.543168436970960     
   1.83292250000000        2.74838375000000      -0.507982893838097     
   1.83292250000000        3.05353750000000      -0.467230978655678     
   1.83292250000000        3.35869125000000      -0.425362876423155     
   1.83292250000000        3.66384500000000      -0.385744405863549     
   1.83292250000000        3.96899875000000      -0.350329100180677     
   1.83292250000000        4.27415250000000      -0.319779017563819     
   1.83292250000000        4.57930625000000      -0.293860036083134     
   1.83292250000000        4.88446000000000      -0.271923313901368     
   1.83292250000000        5.18961375000000      -0.253243923909558     
   1.83292250000000        5.49476750000000      -0.237156857624018     
   1.83292250000000        5.79992125000000      -0.223092588661466     
   1.83292250000000        6.10507500000000      -0.210598881177927     
   1.83292250000000        6.41022875000000      -0.199352916007034     
   1.83292250000000        6.71538250000000      -0.189147344772935     
   1.83292250000000        7.02053625000000      -0.179839618981824     
   1.83292250000000        7.32569000000000      -0.171271875050976     
   2.13807625000000       2.000000000000000E-003 -0.403058752049162     
   2.13807625000000       0.307153750000000      -0.444248800560669     
   2.13807625000000       0.612307500000000      -0.485517648248429     
   2.13807625000000       0.917461250000000      -0.522748529404446     
   2.13807625000000        1.22261500000000      -0.551411487717323     
   2.13807625000000        1.52776875000000      -0.567404914340097     
   2.13807625000000        1.83292250000000      -0.568196096107100     
   2.13807625000000        2.13807625000000      -0.553792210794914     
   2.13807625000000        2.44323000000000      -0.526839486449671     
   2.13807625000000        2.74838375000000      -0.491692889614410     
   2.13807625000000        3.05353750000000      -0.452976531111019     
   2.13807625000000        3.35869125000000      -0.414400903531183     
   2.13807625000000        3.66384500000000      -0.378303206430576     
   2.13807625000000        3.96899875000000      -0.345805037858898     
   2.13807625000000        4.27415250000000      -0.317225784111599     
   2.13807625000000        4.57930625000000      -0.292473225819874     
   2.13807625000000        4.88446000000000      -0.271242280205413     
   2.13807625000000        5.18961375000000      -0.253051446442702     
   2.13807625000000        5.49476750000000      -0.237279153053550     
   2.13807625000000        5.79992125000000      -0.223289305519343     
   2.13807625000000        6.10507500000000      -0.210599391044916     
   2.13807625000000        6.41022875000000      -0.198974019366326     
   2.13807625000000        6.71538250000000      -0.188373885398339     
   2.13807625000000        7.02053625000000      -0.178808765404707     
   2.13807625000000        7.32569000000000      -0.170218886939262     
   2.44323000000000       2.000000000000000E-003 -0.397896193723367     
   2.44323000000000       0.307153750000000      -0.436254931612632     
   2.44323000000000       0.612307500000000      -0.473617311909656     
   2.44323000000000       0.917461250000000      -0.507152015613389     
   2.44323000000000        1.22261500000000      -0.532531219083951     
   2.44323000000000        1.52776875000000      -0.545323951070779     
   2.44323000000000        1.83292250000000      -0.543168524567772     
   2.44323000000000        2.13807625000000      -0.526839510279540     
   2.44323000000000        2.44323000000000      -0.499807911382640     
   2.44323000000000        2.74838375000000      -0.466750150029526     
   2.44323000000000        3.05353750000000      -0.431894092576785     
   2.44323000000000        3.35869125000000      -0.398026829008630     
   2.44323000000000        3.66384500000000      -0.366475530643660     
   2.44323000000000        3.96899875000000      -0.337668909134818     
   2.44323000000000        4.27415250000000      -0.311714576402661     
   2.44323000000000        4.57930625000000      -0.288702530283053     
   2.44323000000000        4.88446000000000      -0.268653392619655     
   2.44323000000000        5.18961375000000      -0.251324107909501     
   2.44323000000000        5.49476750000000      -0.236174163539528     
   2.44323000000000        5.79992125000000      -0.222565304801573     
   2.44323000000000        6.10507500000000      -0.210041447357537     
   2.44323000000000        6.41022875000000      -0.198468818918588     
   2.44323000000000        6.71538250000000      -0.187931944627334     
   2.44323000000000        7.02053625000000      -0.178492434300229     
   2.44323000000000        7.32569000000000      -0.170045442221813     
   2.74838375000000       2.000000000000000E-003 -0.392733976898267     
   2.74838375000000       0.307153750000000      -0.425904360348348     
   2.74838375000000       0.612307500000000      -0.457463243184603     
   2.74838375000000       0.917461250000000      -0.484095055056100     
   2.74838375000000        1.22261500000000      -0.503289777147478     
   2.74838375000000        1.52776875000000      -0.512128036090216     
   2.74838375000000        1.83292250000000      -0.507983004448063     
   2.74838375000000        2.13807625000000      -0.491692916638710     
   2.74838375000000        2.44323000000000      -0.466750144670007     
   2.74838375000000        2.74838375000000      -0.437522053394594     
   2.74838375000000        3.05353750000000      -0.407574944982313     
   2.74838375000000        3.35869125000000      -0.378865549087598     
   2.74838375000000        3.66384500000000      -0.351983806839893     
   2.74838375000000        3.96899875000000      -0.326936848520620     
   2.74838375000000        4.27415250000000      -0.303784956970683     
   2.74838375000000        4.57930625000000      -0.282812958657328     
   2.74838375000000        4.88446000000000      -0.264281290957269     
   2.74838375000000        5.18961375000000      -0.248108588841532     
   2.74838375000000        5.49476750000000      -0.233827472961750     
   2.74838375000000        5.79992125000000      -0.220847268040110     
   2.74838375000000        6.10507500000000      -0.208802971004273     
   2.74838375000000        6.41022875000000      -0.197705548623998     
   2.74838375000000        6.71538250000000      -0.187710595968285     
   2.74838375000000        7.02053625000000      -0.178827018362729     
   2.74838375000000        7.32569000000000      -0.170805971269654     
   3.05353750000000       2.000000000000000E-003 -0.385432492067140     
   3.05353750000000       0.307153750000000      -0.409023029759374     
   3.05353750000000       0.612307500000000      -0.432291295634439     
   3.05353750000000       0.917461250000000      -0.453335499426267     
   3.05353750000000        1.22261500000000      -0.466538915260612     
   3.05353750000000        1.52776875000000      -0.471816896621987     
   3.05353750000000        1.83292250000000      -0.467231106264969     
   3.05353750000000        2.13807625000000      -0.452976549259461     
   3.05353750000000        2.44323000000000      -0.431894063999151     
   3.05353750000000        2.74838375000000      -0.407574916304455     
   3.05353750000000        3.05353750000000      -0.382821741181695     
   3.05353750000000        3.35869125000000      -0.358991260397525     
   3.05353750000000        3.66384500000000      -0.336296318473582     
   3.05353750000000        3.96899875000000      -0.314621356200056     
   3.05353750000000        4.27415250000000      -0.294128315536079     
   3.05353750000000        4.57930625000000      -0.275272958233564     
   3.05353750000000        4.88446000000000      -0.258430737705524     
   3.05353750000000        5.18961375000000      -0.243575894668570     
   3.05353750000000        5.49476750000000      -0.230289432323555     
   3.05353750000000        5.79992125000000      -0.218071093508724     
   3.05353750000000        6.10507500000000      -0.206715758936961     
   3.05353750000000        6.41022875000000      -0.196390442252903     
   3.05353750000000        6.71538250000000      -0.187187951123980     
   3.05353750000000        7.02053625000000      -0.179168854033850     
   3.05353750000000        7.32569000000000      -0.171851304070650     
   3.35869125000000       2.000000000000000E-003 -0.373609409036763     
   3.35869125000000       0.307153750000000      -0.385257576399920     
   3.35869125000000       0.612307500000000      -0.399177993005284     
   3.35869125000000       0.917461250000000      -0.415538350364004     
   3.35869125000000        1.22261500000000      -0.425948343488606     
   3.35869125000000        1.52776875000000      -0.429021902165198     
   3.35869125000000        1.83292250000000      -0.425363015737012     
   3.35869125000000        2.13807625000000      -0.414400907958789     
   3.35869125000000        2.44323000000000      -0.398026770786809     
   3.35869125000000        2.74838375000000      -0.378865483421670     
   3.35869125000000        3.05353750000000      -0.358991221656150     
   3.35869125000000        3.35869125000000      -0.339393122083373     
   3.35869125000000        3.66384500000000      -0.320206124158125     
   3.35869125000000        3.96899875000000      -0.301411223236156     
   3.35869125000000        4.27415250000000      -0.283348419666280     
   3.35869125000000        4.57930625000000      -0.266578601668767     
   3.35869125000000        4.88446000000000      -0.251468386648422     
   3.35869125000000        5.18961375000000      -0.237959871726584     
   3.35869125000000        5.49476750000000      -0.225666274569929     
   3.35869125000000        5.79992125000000      -0.214211292969601     
   3.35869125000000        6.10507500000000      -0.203583917444053     
   3.35869125000000        6.41022875000000      -0.193982233912431     
   3.35869125000000        6.71538250000000      -0.185493423445537     
   3.35869125000000        7.02053625000000      -0.178293181002196     
   3.35869125000000        7.32569000000000      -0.171727990547622     
   3.66384500000000       2.000000000000000E-003 -0.352721698448415     
   3.66384500000000       0.307153750000000      -0.360427818431644     
   3.66384500000000       0.612307500000000      -0.365805665310170     
   3.66384500000000       0.917461250000000      -0.376763341787362     
   3.66384500000000        1.22261500000000      -0.385068182464686     
   3.66384500000000        1.52776875000000      -0.387760614831009     
   3.66384500000000        1.83292250000000      -0.385744551304851     
   3.66384500000000        2.13807625000000      -0.378303199063397     
   3.66384500000000        2.44323000000000      -0.366475447826781     
   3.66384500000000        2.74838375000000      -0.351983710497102     
   3.66384500000000        3.05353750000000      -0.336296248140571     
   3.66384500000000        3.35869125000000      -0.320206093551185     
   3.66384500000000        3.66384500000000      -0.303946734951154     
   3.66384500000000        3.96899875000000      -0.287689777787769     
   3.66384500000000        4.27415250000000      -0.271916350874196     
   3.66384500000000        4.57930625000000      -0.257183780252622     
   3.66384500000000        4.88446000000000      -0.243760083316040     
   3.66384500000000        5.18961375000000      -0.231521088432299     
   3.66384500000000        5.49476750000000      -0.220124568976697     
   3.66384500000000        5.79992125000000      -0.209337757849941     
   3.66384500000000        6.10507500000000      -0.199302057717520     
   3.66384500000000        6.41022875000000      -0.190247115815331     
   3.66384500000000        6.71538250000000      -0.182311738159106     
   3.66384500000000        7.02053625000000      -0.175812924323167     
   3.66384500000000        7.32569000000000      -0.170759488703846     
   3.96899875000000       2.000000000000000E-003 -0.337289047410208     
   3.96899875000000       0.307153750000000      -0.340675008570591     
   3.96899875000000       0.612307500000000      -0.338611960515806     
   3.96899875000000       0.917461250000000      -0.342581751225134     
   3.96899875000000        1.22261500000000      -0.347953873799572     
   3.96899875000000        1.52776875000000      -0.350814257448250     
   3.96899875000000        1.83292250000000      -0.350329246984003     
   3.96899875000000        2.13807625000000      -0.345805026585353     
   3.96899875000000        2.44323000000000      -0.337668816257569     
   3.96899875000000        2.74838375000000      -0.326936738844049     
   3.96899875000000        3.05353750000000      -0.314621272776542     
   3.96899875000000        3.35869125000000      -0.301411181672947     
   3.96899875000000        3.66384500000000      -0.287689768539157     
   3.96899875000000        3.96899875000000      -0.273807221056910     
   3.96899875000000        4.27415250000000      -0.260260240019069     
   3.96899875000000        4.57930625000000      -0.247488097108676     
   3.96899875000000        4.88446000000000      -0.235627862705773     
   3.96899875000000        5.18961375000000      -0.224513450686098     
   3.96899875000000        5.49476750000000      -0.213885993180737     
   3.96899875000000        5.79992125000000      -0.203663713505311     
   3.96899875000000        6.10507500000000      -0.194082386277314     
   3.96899875000000        6.41022875000000      -0.185487666062409     
   3.96899875000000        6.71538250000000      -0.178155246574048     
   3.96899875000000        7.02053625000000      -0.172267773309317     
   3.96899875000000        7.32569000000000      -0.166876119128469     
   4.27415250000000       2.000000000000000E-003 -0.314234817287459     
   4.27415250000000       0.307153750000000      -0.316874532995527     
   4.27415250000000       0.612307500000000      -0.313312444548895     
   4.27415250000000       0.917461250000000      -0.313436315826425     
   4.27415250000000        1.22261500000000      -0.316654197540437     
   4.27415250000000        1.52776875000000      -0.319342367372377     
   4.27415250000000        1.83292250000000      -0.319779161627191     
   4.27415250000000        2.13807625000000      -0.317225779753468     
   4.27415250000000        2.44323000000000      -0.311714492315793     
   4.27415250000000        2.74838375000000      -0.303784855353422     
   4.27415250000000        3.05353750000000      -0.294128239799702     
   4.27415250000000        3.35869125000000      -0.283348386603581     
   4.27415250000000        3.66384500000000      -0.271916351516247     
   4.27415250000000        3.96899875000000      -0.260260250837222     
   4.27415250000000        4.27415250000000      -0.248795237573824     
   4.27415250000000        4.57930625000000      -0.237798069902152     
   4.27415250000000        4.88446000000000      -0.227298423966233     
   4.27415250000000        5.18961375000000      -0.217142811829764     
   4.27415250000000        5.49476750000000      -0.207192128711322     
   4.27415250000000        5.79992125000000      -0.197507058454252     
   4.27415250000000        6.10507500000000      -0.188380431154833     
   4.27415250000000        6.41022875000000      -0.180192245960482     
   4.27415250000000        6.71538250000000      -0.173311846152256     
   4.27415250000000        7.02053625000000      -0.167737571790463     
   4.27415250000000        7.32569000000000      -0.162474113653042     
   4.57930625000000       2.000000000000000E-003 -0.282971112055509     
   4.57930625000000       0.307153750000000      -0.287822330257409     
   4.57930625000000       0.612307500000000      -0.287374333696798     
   4.57930625000000       0.917461250000000      -0.288066694562658     
   4.57930625000000        1.22261500000000      -0.290651397208091     
   4.57930625000000        1.52776875000000      -0.293016721994128     
   4.57930625000000        1.83292250000000      -0.293860171602641     
   4.57930625000000        2.13807625000000      -0.292473237281122     
   4.57930625000000        2.44323000000000      -0.288702471996100     
   4.57930625000000        2.74838375000000      -0.282812883650698     
   4.57930625000000        3.05353750000000      -0.275272905513673     
   4.57930625000000        3.35869125000000      -0.266578587326503     
   4.57930625000000        3.66384500000000      -0.257183796829414     
   4.57930625000000        3.96899875000000      -0.247488123044680     
   4.57930625000000        4.27415250000000      -0.237798085263112     
   4.57930625000000        4.57930625000000      -0.228266157500943     
   4.57930625000000        4.88446000000000      -0.218878818147144     
   4.57930625000000        5.18961375000000      -0.209547382151734     
   4.57930625000000        5.49476750000000      -0.200259523356839     
   4.57930625000000        5.79992125000000      -0.191179798859003     
   4.57930625000000        6.10507500000000      -0.182616368569959     
   4.57930625000000        6.41022875000000      -0.174870011251205     
   4.57930625000000        6.71538250000000      -0.168176896840591     
   4.57930625000000        7.02053625000000      -0.162493896128769     
   4.57930625000000        7.32569000000000      -0.157091647069194     
   4.88446000000000       2.000000000000000E-003 -0.253872442455305     
   4.88446000000000       0.307153750000000      -0.260235820794050     
   4.88446000000000       0.612307500000000      -0.263227279583642     
   4.88446000000000       0.917461250000000      -0.265845202015705     
   4.88446000000000        1.22261500000000      -0.268601604206115     
   4.88446000000000        1.52776875000000      -0.270872862308465     
   4.88446000000000        1.83292250000000      -0.271923429456687     
   4.88446000000000        2.13807625000000      -0.271242309338503     
   4.88446000000000        2.44323000000000      -0.268653370271458     
   4.88446000000000        2.74838375000000      -0.264281254234189     
   4.88446000000000        3.05353750000000      -0.258430715180312     
   4.88446000000000        3.35869125000000      -0.251468390373209     
   4.88446000000000        3.66384500000000      -0.243760107423517     
   4.88446000000000        3.96899875000000      -0.235627890344202     
   4.88446000000000        4.27415250000000      -0.227298439789647     
   4.88446000000000        4.57930625000000      -0.218878819457449     
   4.88446000000000        4.88446000000000      -0.210383623819208     
   4.88446000000000        5.18961375000000      -0.201815236185850     
   4.88446000000000        5.49476750000000      -0.193257863085432     
   4.88446000000000        5.79992125000000      -0.184913432850850     
   4.88446000000000        6.10507500000000      -0.177043018319070     
   4.88446000000000        6.41022875000000      -0.169851589860065     
   4.88446000000000        6.71538250000000      -0.163402007222695     
   4.88446000000000        7.02053625000000      -0.157593255603123     
   4.88446000000000        7.32569000000000      -0.152108631826038     
   5.18961375000000       2.000000000000000E-003 -0.231027378479797     
   5.18961375000000       0.307153750000000      -0.237894295228750     
   5.18961375000000       0.612307500000000      -0.242790282995445     
   5.18961375000000       0.917461250000000      -0.246591954165930     
   5.18961375000000        1.22261500000000      -0.249707951213618     
   5.18961375000000        1.52776875000000      -0.252032505211485     
   5.18961375000000        1.83292250000000      -0.253243999051563     
   5.18961375000000        2.13807625000000      -0.253051484712591     
   5.18961375000000        2.44323000000000      -0.251324122060523     
   5.18961375000000        2.74838375000000      -0.248108594413365     
   5.18961375000000        3.05353750000000      -0.243575903585663     
   5.18961375000000        3.35869125000000      -0.237959887418866     
   5.18961375000000        3.66384500000000      -0.231521105075124     
   5.18961375000000        3.96899875000000      -0.224513457822004     
   5.18961375000000        4.27415250000000      -0.217142802452641     
   5.18961375000000        4.57930625000000      -0.209547359486342     
   5.18961375000000        4.88446000000000      -0.201815214776656     
   5.18961375000000        5.18961375000000      -0.194030425872425     
   5.18961375000000        5.49476750000000      -0.186317747488081     
   5.18961375000000        5.79992125000000      -0.178846182669208     
   5.18961375000000        6.10507500000000      -0.171781295600814     
   5.18961375000000        6.41022875000000      -0.165220513915742     
   5.18961375000000        6.71538250000000      -0.159159863219672     
   5.18961375000000        7.02053625000000      -0.153509137017863     
   5.18961375000000        7.32569000000000      -0.148141402851685     
   5.49476750000000       2.000000000000000E-003 -0.214635040180089     
   5.49476750000000       0.307153750000000      -0.221024561372018     
   5.49476750000000       0.612307500000000      -0.226236283647104     
   5.49476750000000       0.917461250000000      -0.230407840680625     
   5.49476750000000        1.22261500000000      -0.233617737407999     
   5.49476750000000        1.52776875000000      -0.235893978417526     
   5.49476750000000        1.83292250000000      -0.237156863210092     
   5.49476750000000        2.13807625000000      -0.237279181814218     
   5.49476750000000        2.44323000000000      -0.236174205133486     
   5.49476750000000        2.74838375000000      -0.233827518095260     
   5.49476750000000        3.05353750000000      -0.230289471521233     
   5.49476750000000        3.35869125000000      -0.225666297732814     
   5.49476750000000        3.66384500000000      -0.220124566776697     
   5.49476750000000        3.96899875000000      -0.213885960978179     
   5.49476750000000        4.27415250000000      -0.207192070617608     
   5.49476750000000        4.57930625000000      -0.200259452811693     
   5.49476750000000        4.88446000000000      -0.193257799343766     
   5.49476750000000        5.18961375000000      -0.186317709540553     
   5.49476750000000        5.49476750000000      -0.179547497950777     
   5.49476750000000        5.79992125000000      -0.173036302416381     
   5.49476750000000        6.10507500000000      -0.166840758098324     
   5.49476750000000        6.41022875000000      -0.160973263884951     
   5.49476750000000        6.71538250000000      -0.155419456140090     
   5.49476750000000        7.02053625000000      -0.150148614585985     
   5.49476750000000        7.32569000000000      -0.145106009713594     
   5.79992125000000       2.000000000000000E-003 -0.203956843200794     
   5.79992125000000       0.307153750000000      -0.209269106524175     
   5.79992125000000       0.612307500000000      -0.213712363708158     
   5.79992125000000       0.917461250000000      -0.217375812539977     
   5.79992125000000        1.22261500000000      -0.220155506443593     
   5.79992125000000        1.52776875000000      -0.222041094680113     
   5.79992125000000        1.83292250000000      -0.223092492806332     
   5.79992125000000        2.13807625000000      -0.223289299671099     
   5.79992125000000        2.44323000000000      -0.222565356104311     
   5.79992125000000        2.74838375000000      -0.220847342689898     
   5.79992125000000        3.05353750000000      -0.218071159575866     
   5.79992125000000        3.35869125000000      -0.214211323261643     
   5.79992125000000        3.66384500000000      -0.209337733354329     
   5.79992125000000        3.96899875000000      -0.203663631157885     
   5.79992125000000        4.27415250000000      -0.197506935668929     
   5.79992125000000        4.57930625000000      -0.191179664728667     
   5.79992125000000        4.88446000000000      -0.184913315105368     
   5.79992125000000        5.18961375000000      -0.178846100339230     
   5.79992125000000        5.49476750000000      -0.173036263087750     
   5.79992125000000        5.79992125000000      -0.167483580850450     
   5.79992125000000        6.10507500000000      -0.162156939471235     
   5.79992125000000        6.41022875000000      -0.157087865384562     
   5.79992125000000        6.71538250000000      -0.152239815994098     
   5.79992125000000        7.02053625000000      -0.147529500201672     
   5.79992125000000        7.32569000000000      -0.142902190351883     
   6.10507500000000       2.000000000000000E-003 -0.198174907129839     
   6.10507500000000       0.307153750000000      -0.201733163241987     
   6.10507500000000       0.612307500000000      -0.204563943528929     
   6.10507500000000       0.917461250000000      -0.207135221066283     
   6.10507500000000        1.22261500000000      -0.209030339166438     
   6.10507500000000        1.52776875000000      -0.210109764363221     
   6.10507500000000        1.83292250000000      -0.210598659899246     
   6.10507500000000        2.13807625000000      -0.210599324341729     
   6.10507500000000        2.44323000000000      -0.210041482111415     
   6.10507500000000        2.74838375000000      -0.208803053984715     
   6.10507500000000        3.05353750000000      -0.206715842182459     
   6.10507500000000        3.35869125000000      -0.203583957936095     
   6.10507500000000        3.66384500000000      -0.199302009377056     
   6.10507500000000        3.96899875000000      -0.194082240666868     
   6.10507500000000        4.27415250000000      -0.188380223204059     
   6.10507500000000        4.57930625000000      -0.182616156087510     
   6.10507500000000        4.88446000000000      -0.177042841457552     
   6.10507500000000        5.18961375000000      -0.171781171816646     
   6.10507500000000        5.49476750000000      -0.166840687777606     
   6.10507500000000        5.79992125000000      -0.162156910495315     
   6.10507500000000        6.10507500000000      -0.157742245485385     
   6.10507500000000        6.41022875000000      -0.153544879151556     
   6.10507500000000        6.71538250000000      -0.149460419440599     
   6.10507500000000        7.02053625000000      -0.145382674669186     
   6.10507500000000        7.32569000000000      -0.141217932264735     
   6.41022875000000       2.000000000000000E-003 -0.196489420107142     
   6.41022875000000       0.307153750000000      -0.197108314324013     
   6.41022875000000       0.612307500000000      -0.197557227400016     
   6.41022875000000       0.917461250000000      -0.198887094364851     
   6.41022875000000        1.22261500000000      -0.199667432012993     
   6.41022875000000        1.52776875000000      -0.199678220947005     
   6.41022875000000        1.83292250000000      -0.199352564750917     
   6.41022875000000        2.13807625000000      -0.198973869846241     
   6.41022875000000        2.44323000000000      -0.198468802329862     
   6.41022875000000        2.74838375000000      -0.197705601707462     
   6.41022875000000        3.05353750000000      -0.196390471947348     
   6.41022875000000        3.35869125000000      -0.193982146079283     
   6.41022875000000        3.66384500000000      -0.190246864807586     
   6.41022875000000        3.96899875000000      -0.185487287137568     
   6.41022875000000        4.27415250000000      -0.180191851368835     
   6.41022875000000        4.57930625000000      -0.174869686387527     
   6.41022875000000        4.88446000000000      -0.169851345298886     
   6.41022875000000        5.18961375000000      -0.165220354877050     
   6.41022875000000        5.49476750000000      -0.160973176841943     
   6.41022875000000        5.79992125000000      -0.157087818308776     
   6.41022875000000        6.10507500000000      -0.153544865029170     
   6.41022875000000        6.41022875000000      -0.150185710214520     
   6.41022875000000        6.71538250000000      -0.146870861537841     
   6.41022875000000        7.02053625000000      -0.143470540341579     
   6.41022875000000        7.32569000000000      -0.139826194085110     
   6.71538250000000       2.000000000000000E-003 -0.196591264845733     
   6.71538250000000       0.307153750000000      -0.192570110292956     
   6.71538250000000       0.612307500000000      -0.191447881827212     
   6.71538250000000       0.917461250000000      -0.192083210176364     
   6.71538250000000        1.22261500000000      -0.191568331877555     
   6.71538250000000        1.52776875000000      -0.190348347596066     
   6.71538250000000        1.83292250000000      -0.189146887117965     
   6.71538250000000        2.13807625000000      -0.188373640507759     
   6.71538250000000        2.44323000000000      -0.187931836918819     
   6.71538250000000        2.74838375000000      -0.187710506454094     
   6.71538250000000        3.05353750000000      -0.187187721772831     
   6.71538250000000        3.35869125000000      -0.185492982480457     
   6.71538250000000        3.66384500000000      -0.182311066928608     
   6.71538250000000        3.96899875000000      -0.178154455950261     
   6.71538250000000        4.27415250000000      -0.173311118121223     
   6.71538250000000        4.57930625000000      -0.168176373899902     
   6.71538250000000        4.88446000000000      -0.163401679429268     
   6.71538250000000        5.18961375000000      -0.159159674281409     
   6.71538250000000        5.49476750000000      -0.155419371228557     
   6.71538250000000        5.79992125000000      -0.152239786259903     
   6.71538250000000        6.10507500000000      -0.149460424356186     
   6.71538250000000        6.41022875000000      -0.146870836434338     
   6.71538250000000        6.71538250000000      -0.144271931874176     
   6.71538250000000        7.02053625000000      -0.141564613270556     
   6.71538250000000        7.32569000000000      -0.138564783956327     
   7.02053625000000       2.000000000000000E-003 -0.190280738391127     
   7.02053625000000       0.307153750000000      -0.186148358706789     
   7.02053625000000       0.612307500000000      -0.186937701359313     
   7.02053625000000       0.917461250000000      -0.186219369523380     
   7.02053625000000        1.22261500000000      -0.184035115399568     
   7.02053625000000        1.52776875000000      -0.181693586442952     
   7.02053625000000        1.83292250000000      -0.179839100085549     
   7.02053625000000        2.13807625000000      -0.178808427113091     
   7.02053625000000        2.44323000000000      -0.178492202752698     
   7.02053625000000        2.74838375000000      -0.178826685378361     
   7.02053625000000        3.05353750000000      -0.179168274243320     
   7.02053625000000        3.35869125000000      -0.178292329332498     
   7.02053625000000        3.66384500000000      -0.175811799664480     
   7.02053625000000        3.96899875000000      -0.172266587499974     
   7.02053625000000        4.27415250000000      -0.167736562710797     
   7.02053625000000        4.57930625000000      -0.162493191491283     
   7.02053625000000        4.88446000000000      -0.157592839623512     
   7.02053625000000        5.18961375000000      -0.153508924140881     
   7.02053625000000        5.49476750000000      -0.150148557331822     
   7.02053625000000        5.79992125000000      -0.147529535578520     
   7.02053625000000        6.10507500000000      -0.145382719767963     
   7.02053625000000        6.41022875000000      -0.143470402576334     
   7.02053625000000        6.71538250000000      -0.141564182788430     
   7.02053625000000        7.02053625000000      -0.139609921478181     
   7.02053625000000        7.32569000000000      -0.137331748079083     
   7.32569000000000       2.000000000000000E-003 -0.177507137739046     
   7.32569000000000       0.307153750000000      -0.182826911789162     
   7.32569000000000       0.612307500000000      -0.181801141170437     
   7.32569000000000       0.917461250000000      -0.178960797159163     
   7.32569000000000        1.22261500000000      -0.175915194567709     
   7.32569000000000        1.52776875000000      -0.173256045899923     
   7.32569000000000        1.83292250000000      -0.171271338700345     
   7.32569000000000        2.13807625000000      -0.170218475195526     
   7.32569000000000        2.44323000000000      -0.170045080402646     
   7.32569000000000        2.74838375000000      -0.170805426161205     
   7.32569000000000        3.05353750000000      -0.171850391926517     
   7.32569000000000        3.35869125000000      -0.171726748523760     
   7.32569000000000        3.66384500000000      -0.170758000379805     
   7.32569000000000        3.96899875000000      -0.166874743860640     
   7.32569000000000        4.27415250000000      -0.162472994164062     
   7.32569000000000        4.57930625000000      -0.157090874971889     
   7.32569000000000        4.88446000000000      -0.152108153855721     
   7.32569000000000        5.18961375000000      -0.148141171504265     
   7.32569000000000        5.49476750000000      -0.145106000458645     
   7.32569000000000        5.79992125000000      -0.142902324319269     
   7.32569000000000        6.10507500000000      -0.141218059010495     
   7.32569000000000        6.41022875000000      -0.139826037174871     
   7.32569000000000        6.71538250000000      -0.138564094630428     
   7.32569000000000        7.02053625000000      -0.137331103313092     
   7.32569000000000        7.32569000000000      -0.134408215425623     
