  2.000000000000000E-003  2.000000000000000E-003  -2.33583872534155     
  2.000000000000000E-003  0.307153750000000       -2.21669862708858     
  2.000000000000000E-003  0.612307500000000       -1.82773985510202     
  2.000000000000000E-003  0.917461250000000       -1.33139210579535     
  2.000000000000000E-003   1.22261500000000      -0.972040678141155     
  2.000000000000000E-003   1.52776875000000      -0.739217326891444     
  2.000000000000000E-003   1.83292250000000      -0.587746808051506     
  2.000000000000000E-003   2.13807625000000      -0.488189391021220     
  2.000000000000000E-003   2.44323000000000      -0.421617898120724     
  2.000000000000000E-003   2.74838375000000      -0.378390041672054     
  2.000000000000000E-003   3.05353750000000      -0.348417049190528     
  2.000000000000000E-003   3.35869125000000      -0.318704758632391     
  2.000000000000000E-003   3.66384500000000      -0.292304778104785     
  2.000000000000000E-003   3.96899875000000      -0.262939029288169     
  2.000000000000000E-003   4.27415250000000      -0.239719607627604     
  2.000000000000000E-003   4.57930625000000      -0.222741136965546     
  2.000000000000000E-003   4.88446000000000      -0.209045127908670     
  2.000000000000000E-003   5.18961375000000      -0.197276658431650     
  2.000000000000000E-003   5.49476750000000      -0.187240357145104     
  2.000000000000000E-003   5.79992125000000      -0.177604877285491     
  2.000000000000000E-003   6.10507500000000      -0.167399391134042     
  2.000000000000000E-003   6.41022875000000      -0.156353484363836     
  2.000000000000000E-003   6.71538250000000      -0.145907794871459     
  2.000000000000000E-003   7.02053625000000      -0.142327901708320     
  2.000000000000000E-003   7.32569000000000      -0.143157030052757     
  0.307153750000000       2.000000000000000E-003  -2.21669855399552     
  0.307153750000000       0.307153750000000       -1.98748107729178     
  0.307153750000000       0.612307500000000       -1.62835382080425     
  0.307153750000000       0.917461250000000       -1.23242458604630     
  0.307153750000000        1.22261500000000      -0.926467472544948     
  0.307153750000000        1.52776875000000      -0.717276493246653     
  0.307153750000000        1.83292250000000      -0.576595097441070     
  0.307153750000000        2.13807625000000      -0.482125178674931     
  0.307153750000000        2.44323000000000      -0.417812809482286     
  0.307153750000000        2.74838375000000      -0.375139271887190     
  0.307153750000000        3.05353750000000      -0.345188033138022     
  0.307153750000000        3.35869125000000      -0.316665789850785     
  0.307153750000000        3.66384500000000      -0.286624699105237     
  0.307153750000000        3.96899875000000      -0.260005192615697     
  0.307153750000000        4.27415250000000      -0.238426155956795     
  0.307153750000000        4.57930625000000      -0.221897476406182     
  0.307153750000000        4.88446000000000      -0.208443249356992     
  0.307153750000000        5.18961375000000      -0.196889487967414     
  0.307153750000000        5.49476750000000      -0.186942850868640     
  0.307153750000000        5.79992125000000      -0.177485797419874     
  0.307153750000000        6.10507500000000      -0.167803218728070     
  0.307153750000000        6.41022875000000      -0.158170797513735     
  0.307153750000000        6.71538250000000      -0.150828430533346     
  0.307153750000000        7.02053625000000      -0.147967773788937     
  0.307153750000000        7.32569000000000      -0.139767747659559     
  0.612307500000000       2.000000000000000E-003  -1.82774075263394     
  0.612307500000000       0.307153750000000       -1.62835465297363     
  0.612307500000000       0.612307500000000       -1.31182336698342     
  0.612307500000000       0.917461250000000       -1.03931492839917     
  0.612307500000000        1.22261500000000      -0.823836883014378     
  0.612307500000000        1.52776875000000      -0.663400417986538     
  0.612307500000000        1.83292250000000      -0.547613639768516     
  0.612307500000000        2.13807625000000      -0.465498628657469     
  0.612307500000000        2.44323000000000      -0.407075930003967     
  0.612307500000000        2.74838375000000      -0.366080481936318     
  0.612307500000000        3.05353750000000      -0.336130095346208     
  0.612307500000000        3.35869125000000      -0.309153098746892     
  0.612307500000000        3.66384500000000      -0.281522596103183     
  0.612307500000000        3.96899875000000      -0.256251857761427     
  0.612307500000000        4.27415250000000      -0.235883368230777     
  0.612307500000000        4.57930625000000      -0.219998945669487     
  0.612307500000000        4.88446000000000      -0.207017336013342     
  0.612307500000000        5.18961375000000      -0.195852704893145     
  0.612307500000000        5.49476750000000      -0.186040558419410     
  0.612307500000000        5.79992125000000      -0.176896084784764     
  0.612307500000000        6.10507500000000      -0.168014636171519     
  0.612307500000000        6.41022875000000      -0.159889878233778     
  0.612307500000000        6.71538250000000      -0.153416372584980     
  0.612307500000000        7.02053625000000      -0.146648680005712     
  0.612307500000000        7.32569000000000      -0.137607022102379     
  0.917461250000000       2.000000000000000E-003  -1.33139339986558     
  0.917461250000000       0.307153750000000       -1.23242573360322     
  0.917461250000000       0.612307500000000       -1.03931546114348     
  0.917461250000000       0.917461250000000      -0.859891422274579     
  0.917461250000000        1.22261500000000      -0.713861030238196     
  0.917461250000000        1.52776875000000      -0.598360745003672     
  0.917461250000000        1.83292250000000      -0.509447745936603     
  0.917461250000000        2.13807625000000      -0.441943994359551     
  0.917461250000000        2.44323000000000      -0.391326932864415     
  0.917461250000000        2.74838375000000      -0.353538215176445     
  0.917461250000000        3.05353750000000      -0.324313760545030     
  0.917461250000000        3.35869125000000      -0.298723254105011     
  0.917461250000000        3.66384500000000      -0.274103610988642     
  0.917461250000000        3.96899875000000      -0.251497419507758     
  0.917461250000000        4.27415250000000      -0.232642227250860     
  0.917461250000000        4.57930625000000      -0.217600956504662     
  0.917461250000000        4.88446000000000      -0.205125858612584     
  0.917461250000000        5.18961375000000      -0.194301369361373     
  0.917461250000000        5.49476750000000      -0.184602416888559     
  0.917461250000000        5.79992125000000      -0.175633682396971     
  0.917461250000000        6.10507500000000      -0.167132976376046     
  0.917461250000000        6.41022875000000      -0.159276584044957     
  0.917461250000000        6.71538250000000      -0.152026572990791     
  0.917461250000000        7.02053625000000      -0.144487807292999     
  0.917461250000000        7.32569000000000      -0.137412226245180     
   1.22261500000000       2.000000000000000E-003 -0.972041671870681     
   1.22261500000000       0.307153750000000      -0.926468421343979     
   1.22261500000000       0.612307500000000      -0.823837488240875     
   1.22261500000000       0.917461250000000      -0.713861261635859     
   1.22261500000000        1.22261500000000      -0.616678525172104     
   1.22261500000000        1.52776875000000      -0.535324179435997     
   1.22261500000000        1.83292250000000      -0.468832706677927     
   1.22261500000000        2.13807625000000      -0.415147591717365     
   1.22261500000000        2.44323000000000      -0.372785851729489     
   1.22261500000000        2.74838375000000      -0.339298118668918     
   1.22261500000000        3.05353750000000      -0.311864783875442     
   1.22261500000000        3.35869125000000      -0.287884312447540     
   1.22261500000000        3.66384500000000      -0.265797759023232     
   1.22261500000000        3.96899875000000      -0.245843434613991     
   1.22261500000000        4.27415250000000      -0.228847807033233     
   1.22261500000000        4.57930625000000      -0.214724033215262     
   1.22261500000000        4.88446000000000      -0.202779586551122     
   1.22261500000000        5.18961375000000      -0.192292746158364     
   1.22261500000000        5.49476750000000      -0.182725486085535     
   1.22261500000000        5.79992125000000      -0.173801012801480     
   1.22261500000000        6.10507500000000      -0.165403250580166     
   1.22261500000000        6.41022875000000      -0.157558354897936     
   1.22261500000000        6.71538250000000      -0.150204573705110     
   1.22261500000000        7.02053625000000      -0.143236760402118     
   1.22261500000000        7.32569000000000      -0.137197713690687     
   1.52776875000000       2.000000000000000E-003 -0.739217886052527     
   1.52776875000000       0.307153750000000      -0.717277099898402     
   1.52776875000000       0.612307500000000      -0.663400872118609     
   1.52776875000000       0.917461250000000      -0.598360974951260     
   1.52776875000000        1.22261500000000      -0.535324247367124     
   1.52776875000000        1.52776875000000      -0.478853889638075     
   1.52776875000000        1.83292250000000      -0.429502637936627     
   1.52776875000000        2.13807625000000      -0.387786688863625     
   1.52776875000000        2.44323000000000      -0.353156685170390     
   1.52776875000000        2.74838375000000      -0.324253941515084     
   1.52776875000000        3.05353750000000      -0.299448030867942     
   1.52776875000000        3.35869125000000      -0.277398631830859     
   1.52776875000000        3.66384500000000      -0.257458960114393     
   1.52776875000000        3.96899875000000      -0.239688139190581     
   1.52776875000000        4.27415250000000      -0.224326862127164     
   1.52776875000000        4.57930625000000      -0.211252003943213     
   1.52776875000000        4.88446000000000      -0.199953218567606     
   1.52776875000000        5.18961375000000      -0.189825154966433     
   1.52776875000000        5.49476750000000      -0.180427108591706     
   1.52776875000000        5.79992125000000      -0.171573796543757     
   1.52776875000000        6.10507500000000      -0.163256670305844     
   1.52776875000000        6.41022875000000      -0.155530296444762     
   1.52776875000000        6.71538250000000      -0.148426193996803     
   1.52776875000000        7.02053625000000      -0.141996337551301     
   1.52776875000000        7.32569000000000      -0.136432540942841     
   1.83292250000000       2.000000000000000E-003 -0.587747091456383     
   1.83292250000000       0.307153750000000      -0.576595436935453     
   1.83292250000000       0.612307500000000      -0.547613919717268     
   1.83292250000000       0.917461250000000      -0.509447927232859     
   1.83292250000000        1.22261500000000      -0.468832794735750     
   1.83292250000000        1.52776875000000      -0.429502666237451     
   1.83292250000000        1.83292250000000      -0.393440756991497     
   1.83292250000000        2.13807625000000      -0.361456930864859     
   1.83292250000000        2.44323000000000      -0.333480056602218     
   1.83292250000000        2.74838375000000      -0.308886052358038     
   1.83292250000000        3.05353750000000      -0.286915973729446     
   1.83292250000000        3.35869125000000      -0.267036652532275     
   1.83292250000000        3.66384500000000      -0.249089543647002     
   1.83292250000000        3.96899875000000      -0.233166262702136     
   1.83292250000000        4.27415250000000      -0.219308880566673     
   1.83292250000000        4.57930625000000      -0.207288338853302     
   1.83292250000000        4.88446000000000      -0.196640694544470     
   1.83292250000000        5.18961375000000      -0.186882578784174     
   1.83292250000000        5.49476750000000      -0.177705691295629     
   1.83292250000000        5.79992125000000      -0.169025505070286     
   1.83292250000000        6.10507500000000      -0.160895087220926     
   1.83292250000000        6.41022875000000      -0.153387868343769     
   1.83292250000000        6.71538250000000      -0.146558601850856     
   1.83292250000000        7.02053625000000      -0.140473807725409     
   1.83292250000000        7.32569000000000      -0.135201325415127     
   2.13807625000000       2.000000000000000E-003 -0.488189897072669     
   2.13807625000000       0.307153750000000      -0.482125643463918     
   2.13807625000000       0.612307500000000      -0.465498989486385     
   2.13807625000000       0.917461250000000      -0.441944226396641     
   2.13807625000000        1.22261500000000      -0.415147715575457     
   2.13807625000000        1.52776875000000      -0.387786746589741     
   2.13807625000000        1.83292250000000      -0.361456955520011     
   2.13807625000000        2.13807625000000      -0.336905720389521     
   2.13807625000000        2.44323000000000      -0.314290754500571     
   2.13807625000000        2.74838375000000      -0.293462814669640     
   2.13807625000000        3.05353750000000      -0.274241272382624     
   2.13807625000000        3.35869125000000      -0.256587480774873     
   2.13807625000000        3.66384500000000      -0.240606701039188     
   2.13807625000000        3.96899875000000      -0.226405285724312     
   2.13807625000000        4.27415250000000      -0.213921283973065     
   2.13807625000000        4.57930625000000      -0.202867322908147     
   2.13807625000000        4.88446000000000      -0.192833939330408     
   2.13807625000000        5.18961375000000      -0.183469016364074     
   2.13807625000000        5.49476750000000      -0.174597462755410     
   2.13807625000000        5.79992125000000      -0.166215362606203     
   2.13807625000000        6.10507500000000      -0.158395728289745     
   2.13807625000000        6.41022875000000      -0.151200688287708     
   2.13807625000000        6.71538250000000      -0.144669332667233     
   2.13807625000000        7.02053625000000      -0.138861123767535     
   2.13807625000000        7.32569000000000      -0.133847328067250     
   2.44323000000000       2.000000000000000E-003 -0.421618906188582     
   2.44323000000000       0.307153750000000      -0.417813653685382     
   2.44323000000000       0.612307500000000      -0.407076544811284     
   2.44323000000000       0.917461250000000      -0.391327329511471     
   2.44323000000000        1.22261500000000      -0.372786084380296     
   2.44323000000000        1.52776875000000      -0.353156817882101     
   2.44323000000000        1.83292250000000      -0.333480132873290     
   2.44323000000000        2.13807625000000      -0.314290791302321     
   2.44323000000000        2.44323000000000      -0.295819065654639     
   2.44323000000000        2.74838375000000      -0.278183313645512     
   2.44323000000000        3.05353750000000      -0.261530061614495     
   2.44323000000000        3.35869125000000      -0.246070556614707     
   2.44323000000000        3.66384500000000      -0.232008357063137     
   2.44323000000000        3.96899875000000      -0.219418855973080     
   2.44323000000000        4.27415250000000      -0.208176769982889     
   2.44323000000000        4.57930625000000      -0.197994181405329     
   2.44323000000000        4.88446000000000      -0.188552525785763     
   2.44323000000000        5.18961375000000      -0.179638173473372     
   2.44323000000000        5.49476750000000      -0.171191901558015     
   2.44323000000000        5.79992125000000      -0.163257084999100     
   2.44323000000000        6.10507500000000      -0.155883583877706     
   2.44323000000000        6.41022875000000      -0.149068178601291     
   2.44323000000000        6.71538250000000      -0.142794363057889     
   2.44323000000000        7.02053625000000      -0.137173270881689     
   2.44323000000000        7.32569000000000      -0.132449808470245     
   2.74838375000000       2.000000000000000E-003 -0.378391812933698     
   2.74838375000000       0.307153750000000      -0.375140945865103     
   2.74838375000000       0.612307500000000      -0.366081714950688     
   2.74838375000000       0.917461250000000      -0.353538947040614     
   2.74838375000000        1.22261500000000      -0.339298566578354     
   2.74838375000000        1.52776875000000      -0.324254215633751     
   2.74838375000000        1.83292250000000      -0.308886218688925     
   2.74838375000000        2.13807625000000      -0.293462904455497     
   2.74838375000000        2.44323000000000      -0.278183346553190     
   2.74838375000000        2.74838375000000      -0.263266439414126     
   2.74838375000000        3.05353750000000      -0.248983962259407     
   2.74838375000000        3.35869125000000      -0.235617049448860     
   2.74838375000000        3.66384500000000      -0.223360384776017     
   2.74838375000000        3.96899875000000      -0.212239592873456     
   2.74838375000000        4.27415250000000      -0.202105624937526     
   2.74838375000000        4.57930625000000      -0.192720197878254     
   2.74838375000000        4.88446000000000      -0.183880905528884     
   2.74838375000000        5.18961375000000      -0.175503885707664     
   2.74838375000000        5.49476750000000      -0.167616265404418     
   2.74838375000000        5.79992125000000      -0.160277686051787     
   2.74838375000000        6.10507500000000      -0.153485576905381     
   2.74838375000000        6.41022875000000      -0.147107470523735     
   2.74838375000000        6.71538250000000      -0.141097398045043     
   2.74838375000000        7.02053625000000      -0.135717914667054     
   2.74838375000000        7.32569000000000      -0.131340556303826     
   3.05353750000000       2.000000000000000E-003 -0.348419205881892     
   3.05353750000000       0.307153750000000      -0.345190089607288     
   3.05353750000000       0.612307500000000      -0.336131871868529     
   3.05353750000000       0.917461250000000      -0.324314969327961     
   3.05353750000000        1.22261500000000      -0.311865518499839     
   3.05353750000000        1.52776875000000      -0.299448486875941     
   3.05353750000000        1.83292250000000      -0.286916250566045     
   3.05353750000000        2.13807625000000      -0.274241418379177     
   3.05353750000000        2.44323000000000      -0.261530114279494     
   3.05353750000000        2.74838375000000      -0.248983965385005     
   3.05353750000000        3.05353750000000      -0.236863562725523     
   3.05353750000000        3.35869125000000      -0.225414338400049     
   3.05353750000000        3.66384500000000      -0.214780009531669     
   3.05353750000000        3.96899875000000      -0.204953062373220     
   3.05353750000000        4.27415250000000      -0.195802363980870     
   3.05353750000000        4.57930625000000      -0.187170089309095     
   3.05353750000000        4.88446000000000      -0.178969483465193     
   3.05353750000000        5.18961375000000      -0.171217984305269     
   3.05353750000000        5.49476750000000      -0.163995314671571     
   3.05353750000000        5.79992125000000      -0.157364450772981     
   3.05353750000000        6.10507500000000      -0.151288640012807     
   3.05353750000000        6.41022875000000      -0.145614429901537     
   3.05353750000000        6.71538250000000      -0.140234827481775     
   3.05353750000000        7.02053625000000      -0.135021122274032     
   3.05353750000000        7.32569000000000      -0.130858574337677     
   3.35869125000000       2.000000000000000E-003 -0.318706704858732     
   3.35869125000000       0.307153750000000      -0.316667645824084     
   3.35869125000000       0.612307500000000      -0.309154897907788     
   3.35869125000000       0.917461250000000      -0.298724643234217     
   3.35869125000000        1.22261500000000      -0.287885282068308     
   3.35869125000000        1.52776875000000      -0.277399242594966     
   3.35869125000000        1.83292250000000      -0.267037022188382     
   3.35869125000000        2.13807625000000      -0.256587667439157     
   3.35869125000000        2.44323000000000      -0.246070611446492     
   3.35869125000000        2.74838375000000      -0.235617033307446     
   3.35869125000000        3.05353750000000      -0.225414312491785     
   3.35869125000000        3.35869125000000      -0.215639468366451     
   3.35869125000000        3.66384500000000      -0.206395486294921     
   3.35869125000000        3.96899875000000      -0.197679964841292     
   3.35869125000000        4.27415250000000      -0.189411154386343     
   3.35869125000000        4.57930625000000      -0.181515377922969     
   3.35869125000000        4.88446000000000      -0.173994127688635     
   3.35869125000000        5.18961375000000      -0.166922960977129     
   3.35869125000000        5.49476750000000      -0.160402878796461     
   3.35869125000000        5.79992125000000      -0.154508320978547     
   3.35869125000000        6.10507500000000      -0.149260309328835     
   3.35869125000000        6.41022875000000      -0.144689396199745     
   3.35869125000000        6.71538250000000      -0.140376512186672     
   3.35869125000000        7.02053625000000      -0.135532614608905     
   3.35869125000000        7.32569000000000      -0.131369598742437     
   3.66384500000000       2.000000000000000E-003 -0.292306522766415     
   3.66384500000000       0.307153750000000      -0.286626361049070     
   3.66384500000000       0.612307500000000      -0.281524219763167     
   3.66384500000000       0.917461250000000      -0.274104928264614     
   3.66384500000000        1.22261500000000      -0.265798773246833     
   3.66384500000000        1.52776875000000      -0.257459632969225     
   3.66384500000000        1.83292250000000      -0.249089955511709     
   3.66384500000000        2.13807625000000      -0.240606903657372     
   3.66384500000000        2.44323000000000      -0.232008406197828     
   3.66384500000000        2.74838375000000      -0.223360351320407     
   3.66384500000000        3.05353750000000      -0.214779964315258     
   3.66384500000000        3.35869125000000      -0.206395469285156     
   3.66384500000000        3.66384500000000      -0.198303280715733     
   3.66384500000000        3.96899875000000      -0.190538309424059     
   3.66384500000000        4.27415250000000      -0.183079860985216     
   3.66384500000000        4.57930625000000      -0.175918254665767     
   3.66384500000000        4.88446000000000      -0.169098003125094     
   3.66384500000000        5.18961375000000      -0.162705665657105     
   3.66384500000000        5.49476750000000      -0.156836080799952     
   3.66384500000000        5.79992125000000      -0.151579126255884     
   3.66384500000000        6.10507500000000      -0.147074628687339     
   3.66384500000000        6.41022875000000      -0.143499735776032     
   3.66384500000000        6.71538250000000      -0.140371349619300     
   3.66384500000000        7.02053625000000      -0.136422441720714     
   3.66384500000000        7.32569000000000      -0.132561566122996     
   3.96899875000000       2.000000000000000E-003 -0.262940596609058     
   3.96899875000000       0.307153750000000      -0.260006540179967     
   3.96899875000000       0.612307500000000      -0.256253246677900     
   3.96899875000000       0.917461250000000      -0.251498603372859     
   3.96899875000000        1.22261500000000      -0.245844335178035     
   3.96899875000000        1.52776875000000      -0.239688769641337     
   3.96899875000000        1.83292250000000      -0.233166660424818     
   3.96899875000000        2.13807625000000      -0.226405483933830     
   3.96899875000000        2.44323000000000      -0.219418905256432     
   3.96899875000000        2.74838375000000      -0.212239564835252     
   3.96899875000000        3.05353750000000      -0.204953030494963     
   3.96899875000000        3.35869125000000      -0.197679970066415     
   3.96899875000000        3.66384500000000      -0.190538337544805     
   3.96899875000000        3.96899875000000      -0.183606510249506     
   3.96899875000000        4.27415250000000      -0.176914575851450     
   3.96899875000000        4.57930625000000      -0.170482691142669     
   3.96899875000000        4.88446000000000      -0.164351652786434     
   3.96899875000000        5.18961375000000      -0.158581484805758     
   3.96899875000000        5.49476750000000      -0.153240368612447     
   3.96899875000000        5.79992125000000      -0.148414082948370     
   3.96899875000000        6.10507500000000      -0.144273646853557     
   3.96899875000000        6.41022875000000      -0.141001820131491     
   3.96899875000000        6.71538250000000      -0.138048527161656     
   3.96899875000000        7.02053625000000      -0.133901557716761     
   3.96899875000000        7.32569000000000      -0.128258805769073     
   4.27415250000000       2.000000000000000E-003 -0.239721121146758     
   4.27415250000000       0.307153750000000      -0.238427532617446     
   4.27415250000000       0.612307500000000      -0.235884647837111     
   4.27415250000000       0.917461250000000      -0.232643194498831     
   4.27415250000000        1.22261500000000      -0.228848515252840     
   4.27415250000000        1.52776875000000      -0.224327388751286     
   4.27415250000000        1.83292250000000      -0.219309230709716     
   4.27415250000000        2.13807625000000      -0.213921469304873     
   4.27415250000000        2.44323000000000      -0.208176828462469     
   4.27415250000000        2.74838375000000      -0.202105622508796     
   4.27415250000000        3.05353750000000      -0.195802372235565     
   4.27415250000000        3.35869125000000      -0.189411212643680     
   4.27415250000000        3.66384500000000      -0.183079952147101     
   4.27415250000000        3.96899875000000      -0.176914644549078     
   4.27415250000000        4.27415250000000      -0.170963935597760     
   4.27415250000000        4.57930625000000      -0.165240595902977     
   4.27415250000000        4.88446000000000      -0.159751485114431     
   4.27415250000000        5.18961375000000      -0.154514697103957     
   4.27415250000000        5.49476750000000      -0.149566835170677     
   4.27415250000000        5.79992125000000      -0.144972605696562     
   4.27415250000000        6.10507500000000      -0.140842521274637     
   4.27415250000000        6.41022875000000      -0.137271791537447     
   4.27415250000000        6.71538250000000      -0.133791060552692     
   4.27415250000000        7.02053625000000      -0.129454290664638     
   4.27415250000000        7.32569000000000      -0.124419553101099     
   4.57930625000000       2.000000000000000E-003 -0.222742347370509     
   4.57930625000000       0.307153750000000      -0.221898640099808     
   4.57930625000000       0.612307500000000      -0.219999858683615     
   4.57930625000000       0.917461250000000      -0.217601586110509     
   4.57930625000000        1.22261500000000      -0.214724551302269     
   4.57930625000000        1.52776875000000      -0.211252421041417     
   4.57930625000000        1.83292250000000      -0.207288642148216     
   4.57930625000000        2.13807625000000      -0.202867502198527     
   4.57930625000000        2.44323000000000      -0.197994256915602     
   4.57930625000000        2.74838375000000      -0.192720225735455     
   4.57930625000000        3.05353750000000      -0.187170136897744     
   4.57930625000000        3.35869125000000      -0.181515482879300     
   4.57930625000000        3.66384500000000      -0.175918400290274     
   4.57930625000000        3.96899875000000      -0.170482822746519     
   4.57930625000000        4.27415250000000      -0.165240665044106     
   4.57930625000000        4.57930625000000      -0.160173643886837     
   4.57930625000000        4.88446000000000      -0.155250042778527     
   4.57930625000000        5.18961375000000      -0.150455445264424     
   4.57930625000000        5.49476750000000      -0.145808021336195     
   4.57930625000000        5.79992125000000      -0.141358506998076     
   4.57930625000000        6.10507500000000      -0.137171969030971     
   4.57930625000000        6.41022875000000      -0.133263100444618     
   4.57930625000000        6.71538250000000      -0.129426357869737     
   4.57930625000000        7.02053625000000      -0.125298674268695     
   4.57930625000000        7.32569000000000      -0.121090725873276     
   4.88446000000000       2.000000000000000E-003 -0.209045808741931     
   4.88446000000000       0.307153750000000      -0.208443826442727     
   4.88446000000000       0.612307500000000      -0.207017789034184     
   4.88446000000000       0.917461250000000      -0.205126244195086     
   4.88446000000000        1.22261500000000      -0.202779945079280     
   4.88446000000000        1.52776875000000      -0.199953551498585     
   4.88446000000000        1.83292250000000      -0.196640971253467     
   4.88446000000000        2.13807625000000      -0.192834127050138     
   4.88446000000000        2.44323000000000      -0.188552623536477     
   4.88446000000000        2.74838375000000      -0.183880954692437     
   4.88446000000000        3.05353750000000      -0.178969544308406     
   4.88446000000000        3.35869125000000      -0.173994238193426     
   4.88446000000000        3.66384500000000      -0.169098153516128     
   4.88446000000000        3.96899875000000      -0.164351796927898     
   4.88446000000000        4.27415250000000      -0.159751578104385     
   4.88446000000000        4.57930625000000      -0.155250074089501     
   4.88446000000000        4.88446000000000      -0.150797154884541     
   4.88446000000000        5.18961375000000      -0.146372089588535     
   4.88446000000000        5.49476750000000      -0.141994745874240     
   4.88446000000000        5.79992125000000      -0.137715893889792     
   4.88446000000000        6.10507500000000      -0.133589982015160     
   4.88446000000000        6.41022875000000      -0.129633670387628     
   4.88446000000000        6.71538250000000      -0.125788386182508     
   4.88446000000000        7.02053625000000      -0.121981770138260     
   4.88446000000000        7.32569000000000      -0.118370329646622     
   5.18961375000000       2.000000000000000E-003 -0.197276719328765     
   5.18961375000000       0.307153750000000      -0.196889574091480     
   5.18961375000000       0.612307500000000      -0.195852814714795     
   5.18961375000000       0.917461250000000      -0.194301522417824     
   5.18961375000000        1.22261500000000      -0.192292960556395     
   5.18961375000000        1.52776875000000      -0.189825415486094     
   5.18961375000000        1.83292250000000      -0.186882835144916     
   5.18961375000000        2.13807625000000      -0.183469213242776     
   5.18961375000000        2.44323000000000      -0.179638287058983     
   5.18961375000000        2.74838375000000      -0.175503937961697     
   5.18961375000000        3.05353750000000      -0.171218023958775     
   5.18961375000000        3.35869125000000      -0.166923026609454     
   5.18961375000000        3.66384500000000      -0.162705759906388     
   5.18961375000000        3.96899875000000      -0.158581577604176     
   5.18961375000000        4.27415250000000      -0.154514752639804     
   5.18961375000000        4.57930625000000      -0.150455451526569     
   5.18961375000000        4.88446000000000      -0.146372069920983     
   5.18961375000000        5.18961375000000      -0.142267558974173     
   5.18961375000000        5.49476750000000      -0.138177421922740     
   5.18961375000000        5.79992125000000      -0.134152976748606     
   5.18961375000000        6.10507500000000      -0.130239410107492     
   5.18961375000000        6.41022875000000      -0.126460245463441     
   5.18961375000000        6.71538250000000      -0.122823133058537     
   5.18961375000000        7.02053625000000      -0.119360239276929     
   5.18961375000000        7.32569000000000      -0.116172522417043     
   5.49476750000000       2.000000000000000E-003 -0.187239966118630     
   5.49476750000000       0.307153750000000      -0.186942549163564     
   5.49476750000000       0.612307500000000      -0.186040306083865     
   5.49476750000000       0.917461250000000      -0.184602284444912     
   5.49476750000000        1.22261500000000      -0.182725508060334     
   5.49476750000000        1.52776875000000      -0.180427255614812     
   5.49476750000000        1.83292250000000      -0.177705891406582     
   5.49476750000000        2.13807625000000      -0.174597638418616     
   5.49476750000000        2.44323000000000      -0.171192006713760     
   5.49476750000000        2.74838375000000      -0.167616299172527     
   5.49476750000000        3.05353750000000      -0.163995306999210     
   5.49476750000000        3.35869125000000      -0.160402863199092     
   5.49476750000000        3.66384500000000      -0.156836073995018     
   5.49476750000000        3.96899875000000      -0.153240363632269     
   5.49476750000000        4.27415250000000      -0.149566809776917     
   5.49476750000000        4.57930625000000      -0.145807961538350     
   5.49476750000000        4.88446000000000      -0.141994666304233     
   5.49476750000000        5.18961375000000      -0.138177362537562     
   5.49476750000000        5.49476750000000      -0.134407576622055     
   5.49476750000000        5.79992125000000      -0.130722682084375     
   5.49476750000000        6.10507500000000      -0.127138443894952     
   5.49476750000000        6.41022875000000      -0.123655983647909     
   5.49476750000000        6.71538250000000      -0.120298102332212     
   5.49476750000000        7.02053625000000      -0.117137927589001     
   5.49476750000000        7.32569000000000      -0.114258388793562     
   5.79992125000000       2.000000000000000E-003 -0.177604791834048     
   5.79992125000000       0.307153750000000      -0.177485621802520     
   5.79992125000000       0.612307500000000      -0.176895719203930     
   5.79992125000000       0.917461250000000      -0.175633246383232     
   5.79992125000000        1.22261500000000      -0.173800712785322     
   5.79992125000000        1.52776875000000      -0.171573735740930     
   5.79992125000000        1.83292250000000      -0.169025576043271     
   5.79992125000000        2.13807625000000      -0.166215461501559     
   5.79992125000000        2.44323000000000      -0.163257146604570     
   5.79992125000000        2.74838375000000      -0.160277684579728     
   5.79992125000000        3.05353750000000      -0.157364383052190     
   5.79992125000000        3.35869125000000      -0.154508197523408     
   5.79992125000000        3.66384500000000      -0.151578980734989     
   5.79992125000000        3.96899875000000      -0.148413952863293     
   5.79992125000000        4.27415250000000      -0.144972488617953     
   5.79992125000000        4.57930625000000      -0.141358375993022     
   5.79992125000000        4.88446000000000      -0.137715747162297     
   5.79992125000000        5.18961375000000      -0.134152849671116     
   5.79992125000000        5.49476750000000      -0.130722617781351     
   5.79992125000000        5.79992125000000      -0.127426742724188     
   5.79992125000000        6.10507500000000      -0.124232165736672     
   5.79992125000000        6.41022875000000      -0.121154131157425     
   5.79992125000000        6.71538250000000      -0.118181599742931     
   5.79992125000000        7.02053625000000      -0.115326305435374     
   5.79992125000000        7.32569000000000      -0.112694959141404     
   6.10507500000000       2.000000000000000E-003 -0.167399704274657     
   6.10507500000000       0.307153750000000      -0.167803090781817     
   6.10507500000000       0.612307500000000      -0.168014070738597     
   6.10507500000000       0.917461250000000      -0.167132258495339     
   6.10507500000000        1.22261500000000      -0.165402644450746     
   6.10507500000000        1.52776875000000      -0.163256318228756     
   6.10507500000000        1.83292250000000      -0.160894969294786     
   6.10507500000000        2.13807625000000      -0.158395703153493     
   6.10507500000000        2.44323000000000      -0.155883578001458     
   6.10507500000000        2.74838375000000      -0.153485544833073     
   6.10507500000000        3.05353750000000      -0.151288514782374     
   6.10507500000000        3.35869125000000      -0.149260013615910     
   6.10507500000000        3.66384500000000      -0.147074240362977     
   6.10507500000000        3.96899875000000      -0.144273335552057     
   6.10507500000000        4.27415250000000      -0.140842329753258     
   6.10507500000000        4.57930625000000      -0.137171799717301     
   6.10507500000000        4.88446000000000      -0.133589796141658     
   6.10507500000000        5.18961375000000      -0.130239248185883     
   6.10507500000000        5.49476750000000      -0.127138370549697     
   6.10507500000000        5.79992125000000      -0.124232194347200     
   6.10507500000000        6.10507500000000      -0.121520548888465     
   6.10507500000000        6.41022875000000      -0.118952991999057     
   6.10507500000000        6.71538250000000      -0.116383207881862     
   6.10507500000000        7.02053625000000      -0.113716331047647     
   6.10507500000000        7.32569000000000      -0.111222141651595     
   6.41022875000000       2.000000000000000E-003 -0.156354039741362     
   6.41022875000000       0.307153750000000      -0.158170482223312     
   6.41022875000000       0.612307500000000      -0.159888972094221     
   6.41022875000000       0.917461250000000      -0.159275614325952     
   6.41022875000000        1.22261500000000      -0.157557596386289     
   6.41022875000000        1.52776875000000      -0.155529793471912     
   6.41022875000000        1.83292250000000      -0.153387589629464     
   6.41022875000000        2.13807625000000      -0.151200540166762     
   6.41022875000000        2.44323000000000      -0.149068114677050     
   6.41022875000000        2.74838375000000      -0.147107468828538     
   6.41022875000000        3.05353750000000      -0.145614285465733     
   6.41022875000000        3.35869125000000      -0.144688962396875     
   6.41022875000000        3.66384500000000      -0.143499114537675     
   6.41022875000000        3.96899875000000      -0.141001288694861     
   6.41022875000000        4.27415250000000      -0.137271510687739     
   6.41022875000000        4.57930625000000      -0.133262961591191     
   6.41022875000000        4.88446000000000      -0.129633488322254     
   6.41022875000000        5.18961375000000      -0.126460109853969     
   6.41022875000000        5.49476750000000      -0.123656021223177     
   6.41022875000000        5.79992125000000      -0.121154308992158     
   6.41022875000000        6.10507500000000      -0.118953122238966     
   6.41022875000000        6.41022875000000      -0.116951848998153     
   6.41022875000000        6.71538250000000      -0.114876476042761     
   6.41022875000000        7.02053625000000      -0.112253334327251     
   6.41022875000000        7.32569000000000      -0.109619312975158     
   6.71538250000000       2.000000000000000E-003 -0.145908445617701     
   6.71538250000000       0.307153750000000      -0.150828064250113     
   6.71538250000000       0.612307500000000      -0.153415439338887     
   6.71538250000000       0.917461250000000      -0.152025662300790     
   6.71538250000000        1.22261500000000      -0.150203953451079     
   6.71538250000000        1.52776875000000      -0.148425799711510     
   6.71538250000000        1.83292250000000      -0.146558314538891     
   6.71538250000000        2.13807625000000      -0.144669115053790     
   6.71538250000000        2.44323000000000      -0.142794261011096     
   6.71538250000000        2.74838375000000      -0.141097337097204     
   6.71538250000000        3.05353750000000      -0.140234531474115     
   6.71538250000000        3.35869125000000      -0.140375808776329     
   6.71538250000000        3.66384500000000      -0.140370350505927     
   6.71538250000000        3.96899875000000      -0.138047744310210     
   6.71538250000000        4.27415250000000      -0.133790567522566     
   6.71538250000000        4.57930625000000      -0.129426121542942     
   6.71538250000000        4.88446000000000      -0.125788209958733     
   6.71538250000000        5.18961375000000      -0.122823074343194     
   6.71538250000000        5.49476750000000      -0.120298374332221     
   6.71538250000000        5.79992125000000      -0.118181980717434     
   6.71538250000000        6.10507500000000      -0.116383505920731     
   6.71538250000000        6.41022875000000      -0.114876600073941     
   6.71538250000000        6.71538250000000      -0.113536867859883     
   6.71538250000000        7.02053625000000      -0.111260213860076     
   6.71538250000000        7.32569000000000      -0.108025258188753     
   7.02053625000000       2.000000000000000E-003 -0.142328099902839     
   7.02053625000000       0.307153750000000      -0.147967916088895     
   7.02053625000000       0.612307500000000      -0.146648353560774     
   7.02053625000000       0.917461250000000      -0.144487348930720     
   7.02053625000000        1.22261500000000      -0.143236517794729     
   7.02053625000000        1.52776875000000      -0.141996230087126     
   7.02053625000000        1.83292250000000      -0.140473667536603     
   7.02053625000000        2.13807625000000      -0.138860892059147     
   7.02053625000000        2.44323000000000      -0.137173056414332     
   7.02053625000000        2.74838375000000      -0.135717501407788     
   7.02053625000000        3.05353750000000      -0.135020516552869     
   7.02053625000000        3.35869125000000      -0.135531608146150     
   7.02053625000000        3.66384500000000      -0.136420974409879     
   7.02053625000000        3.96899875000000      -0.133900405375331     
   7.02053625000000        4.27415250000000      -0.129453419165497     
   7.02053625000000        4.57930625000000      -0.125298092748688     
   7.02053625000000        4.88446000000000      -0.121981475875167     
   7.02053625000000        5.18961375000000      -0.119360249431777     
   7.02053625000000        5.49476750000000      -0.117138422929294     
   7.02053625000000        5.79992125000000      -0.115326873356271     
   7.02053625000000        6.10507500000000      -0.113716768914810     
   7.02053625000000        6.41022875000000      -0.112253483016546     
   7.02053625000000        6.71538250000000      -0.111259964027224     
   7.02053625000000        7.02053625000000      -0.110842660772424     
   7.02053625000000        7.32569000000000      -0.107998743161413     
   7.32569000000000       2.000000000000000E-003 -0.143156902975871     
   7.32569000000000       0.307153750000000      -0.139767972563533     
   7.32569000000000       0.612307500000000      -0.137606958370170     
   7.32569000000000       0.917461250000000      -0.137412143272011     
   7.32569000000000        1.22261500000000      -0.137197799408573     
   7.32569000000000        1.52776875000000      -0.136432687216308     
   7.32569000000000        1.83292250000000      -0.135201348809572     
   7.32569000000000        2.13807625000000      -0.133847099161009     
   7.32569000000000        2.44323000000000      -0.132449338463837     
   7.32569000000000        2.74838375000000      -0.131339677616989     
   7.32569000000000        3.05353750000000      -0.130857330402572     
   7.32569000000000        3.35869125000000      -0.131367962453519     
   7.32569000000000        3.66384500000000      -0.132559659920934     
   7.32569000000000        3.96899875000000      -0.128256974696463     
   7.32569000000000        4.27415250000000      -0.124418005694280     
   7.32569000000000        4.57930625000000      -0.121089690059707     
   7.32569000000000        4.88446000000000      -0.118369766231927     
   7.32569000000000        5.18961375000000      -0.116172534348804     
   7.32569000000000        5.49476750000000      -0.114259015173106     
   7.32569000000000        5.79992125000000      -0.112695644389446     
   7.32569000000000        6.10507500000000      -0.111222658431720     
   7.32569000000000        6.41022875000000      -0.109619486633352     
   7.32569000000000        6.71538250000000      -0.108024852173047     
   7.32569000000000        7.02053625000000      -0.107998483183654     
   7.32569000000000        7.32569000000000      -0.107873589530806     
