  2.000000000000000E-003  2.000000000000000E-003 -0.198303280715733     
  2.000000000000000E-003  0.307153750000000      -0.209691447826066     
  2.000000000000000E-003  0.612307500000000      -0.213895362818729     
  2.000000000000000E-003  0.917461250000000      -0.213072099647866     
  2.000000000000000E-003   1.22261500000000      -0.212623529919322     
  2.000000000000000E-003   1.52776875000000      -0.213893692402300     
  2.000000000000000E-003   1.83292250000000      -0.217188820806728     
  2.000000000000000E-003   2.13807625000000      -0.222834024255510     
  2.000000000000000E-003   2.44323000000000      -0.230952260520369     
  2.000000000000000E-003   2.74838375000000      -0.241345280516394     
  2.000000000000000E-003   3.05353750000000      -0.251029668497073     
  2.000000000000000E-003   3.35869125000000      -0.253981693118261     
  2.000000000000000E-003   3.66384500000000      -0.251645472836681     
  2.000000000000000E-003   3.96899875000000      -0.253924535464120     
  2.000000000000000E-003   4.27415250000000      -0.250940113291442     
  2.000000000000000E-003   4.57930625000000      -0.241276596133006     
  2.000000000000000E-003   4.88446000000000      -0.230910985153509     
  2.000000000000000E-003   5.18961375000000      -0.222804066192447     
  2.000000000000000E-003   5.49476750000000      -0.217152000349347     
  2.000000000000000E-003   5.79992125000000      -0.213822784776196     
  2.000000000000000E-003   6.10507500000000      -0.212491177596135     
  2.000000000000000E-003   6.41022875000000      -0.212859614067007     
  2.000000000000000E-003   6.71538250000000      -0.213609859569706     
  2.000000000000000E-003   7.02053625000000      -0.209401827356749     
  2.000000000000000E-003   7.32569000000000      -0.198103530651192     
  0.307153750000000       2.000000000000000E-003 -0.209691632788321     
  0.307153750000000       0.307153750000000      -0.209525565858782     
  0.307153750000000       0.612307500000000      -0.215856138850895     
  0.307153750000000       0.917461250000000      -0.220012657099481     
  0.307153750000000        1.22261500000000      -0.222326045639509     
  0.307153750000000        1.52776875000000      -0.225172211693492     
  0.307153750000000        1.83292250000000      -0.229548500165145     
  0.307153750000000        2.13807625000000      -0.235901713829153     
  0.307153750000000        2.44323000000000      -0.243983895148582     
  0.307153750000000        2.74838375000000      -0.253107536106412     
  0.307153750000000        3.05353750000000      -0.259933471978758     
  0.307153750000000        3.35869125000000      -0.259850308121741     
  0.307153750000000        3.66384500000000      -0.256437379896854     
  0.307153750000000        3.96899875000000      -0.259573624650625     
  0.307153750000000        4.27415250000000      -0.259645290879844     
  0.307153750000000        4.57930625000000      -0.252910768983083     
  0.307153750000000        4.88446000000000      -0.243872809825339     
  0.307153750000000        5.18961375000000      -0.235838199308659     
  0.307153750000000        5.49476750000000      -0.229501768816613     
  0.307153750000000        5.79992125000000      -0.225111655633530     
  0.307153750000000        6.10507500000000      -0.222225639832357     
  0.307153750000000        6.41022875000000      -0.219863661357209     
  0.307153750000000        6.71538250000000      -0.215688576498957     
  0.307153750000000        7.02053625000000      -0.209366795363651     
  0.307153750000000        7.32569000000000      -0.209401496150050     
  0.612307500000000       2.000000000000000E-003 -0.213895910216631     
  0.612307500000000       0.307153750000000      -0.215856715476101     
  0.612307500000000       0.612307500000000      -0.219981771662787     
  0.612307500000000       0.917461250000000      -0.226249176488416     
  0.612307500000000        1.22261500000000      -0.231568301850188     
  0.612307500000000        1.52776875000000      -0.236743251835046     
  0.612307500000000        1.83292250000000      -0.242774482813797     
  0.612307500000000        2.13807625000000      -0.250084301366945     
  0.612307500000000        2.44323000000000      -0.258134619273952     
  0.612307500000000        2.74838375000000      -0.265951420955297     
  0.612307500000000        3.05353750000000      -0.270703046488793     
  0.612307500000000        3.35869125000000      -0.270152843409762     
  0.612307500000000        3.66384500000000      -0.268144151666633     
  0.612307500000000        3.96899875000000      -0.269899793858061     
  0.612307500000000        4.27415250000000      -0.270399211921438     
  0.612307500000000        4.57930625000000      -0.265721771623881     
  0.612307500000000        4.88446000000000      -0.257996121500365     
  0.612307500000000        5.18961375000000      -0.250001744078605     
  0.612307500000000        5.49476750000000      -0.242722649100455     
  0.612307500000000        5.79992125000000      -0.236697558945962     
  0.612307500000000        6.10507500000000      -0.231508054717701     
  0.612307500000000        6.41022875000000      -0.226168617153146     
  0.612307500000000        6.71538250000000      -0.219883804398067     
  0.612307500000000        7.02053625000000      -0.215688475553022     
  0.612307500000000        7.32569000000000      -0.213610233830431     
  0.917461250000000       2.000000000000000E-003 -0.213072768941140     
  0.917461250000000       0.307153750000000      -0.220013263112631     
  0.917461250000000       0.612307500000000      -0.226249444364292     
  0.917461250000000       0.917461250000000      -0.233673158867061     
  0.917461250000000        1.22261500000000      -0.241253832950210     
  0.917461250000000        1.52776875000000      -0.248872097313365     
  0.917461250000000        1.83292250000000      -0.257019043879069     
  0.917461250000000        2.13807625000000      -0.265876969507807     
  0.917461250000000        2.44323000000000      -0.274818885211790     
  0.917461250000000        2.74838375000000      -0.282902395344628     
  0.917461250000000        3.05353750000000      -0.288558694254913     
  0.917461250000000        3.35869125000000      -0.290656297118521     
  0.917461250000000        3.66384500000000      -0.290739301593485     
  0.917461250000000        3.96899875000000      -0.290491084539460     
  0.917461250000000        4.27415250000000      -0.288334810907843     
  0.917461250000000        4.57930625000000      -0.282713878361852     
  0.917461250000000        4.88446000000000      -0.274687390788937     
  0.917461250000000        5.18961375000000      -0.265791297949769     
  0.917461250000000        5.49476750000000      -0.256965947887420     
  0.917461250000000        5.79992125000000      -0.248836453036453     
  0.917461250000000        6.10507500000000      -0.241217970172474     
  0.917461250000000        6.41022875000000      -0.233624249726441     
  0.917461250000000        6.71538250000000      -0.226168803209293     
  0.917461250000000        7.02053625000000      -0.219864063916340     
  0.917461250000000        7.32569000000000      -0.212860462057797     
   1.22261500000000       2.000000000000000E-003 -0.212624195335490     
   1.22261500000000       0.307153750000000      -0.222326587624694     
   1.22261500000000       0.612307500000000      -0.231568622979620     
   1.22261500000000       0.917461250000000      -0.241253955104758     
   1.22261500000000        1.22261500000000      -0.251269973396662     
   1.22261500000000        1.52776875000000      -0.261506186737018     
   1.22261500000000        1.83292250000000      -0.272173693750324     
   1.22261500000000        2.13807625000000      -0.283162325080082     
   1.22261500000000        2.44323000000000      -0.293823150350850     
   1.22261500000000        2.74838375000000      -0.303316363444133     
   1.22261500000000        3.05353750000000      -0.310666137370545     
   1.22261500000000        3.35869125000000      -0.315098515860814     
   1.22261500000000        3.66384500000000      -0.316476370318156     
   1.22261500000000        3.96899875000000      -0.315001950257930     
   1.22261500000000        4.27415250000000      -0.310523703811734     
   1.22261500000000        4.57930625000000      -0.303177064130877     
   1.22261500000000        4.88446000000000      -0.293711248347236     
   1.22261500000000        5.18961375000000      -0.283083180161560     
   1.22261500000000        5.49476750000000      -0.272122102027482     
   1.22261500000000        5.79992125000000      -0.261472950800005     
   1.22261500000000        6.10507500000000      -0.251242230301674     
   1.22261500000000        6.41022875000000      -0.241218154204581     
   1.22261500000000        6.71538250000000      -0.231508471002475     
   1.22261500000000        7.02053625000000      -0.222226343822650     
   1.22261500000000        7.32569000000000      -0.212492192670026     
   1.52776875000000       2.000000000000000E-003 -0.213894323419963     
   1.52776875000000       0.307153750000000      -0.225172714266842     
   1.52776875000000       0.612307500000000      -0.236743585378096     
   1.52776875000000       0.917461250000000      -0.248872276449628     
   1.52776875000000        1.22261500000000      -0.261506257880065     
   1.52776875000000        1.52776875000000      -0.274550846836837     
   1.52776875000000        1.83292250000000      -0.287961617806541     
   1.52776875000000        2.13807625000000      -0.301332356355729     
   1.52776875000000        2.44323000000000      -0.314079471713432     
   1.52776875000000        2.74838375000000      -0.325426655769195     
   1.52776875000000        3.05353750000000      -0.334439428436529     
   1.52776875000000        3.35869125000000      -0.340224683562391     
   1.52776875000000        3.66384500000000      -0.342193778688246     
   1.52776875000000        3.96899875000000      -0.340165338528959     
   1.52776875000000        4.27415250000000      -0.334343272774873     
   1.52776875000000        4.57930625000000      -0.325322488024526     
   1.52776875000000        4.88446000000000      -0.313988132734390     
   1.52776875000000        5.18961375000000      -0.301262252210095     
   1.52776875000000        5.49476750000000      -0.287910826236312     
   1.52776875000000        5.79992125000000      -0.274512322615742     
   1.52776875000000        6.10507500000000      -0.261473069652677     
   1.52776875000000        6.41022875000000      -0.248836744903603     
   1.52776875000000        6.71538250000000      -0.236698066468987     
   1.52776875000000        7.02053625000000      -0.225112400104411     
   1.52776875000000        7.32569000000000      -0.213823746965283     
   1.83292250000000       2.000000000000000E-003 -0.217189443883350     
   1.83292250000000       0.307153750000000      -0.229549012818914     
   1.83292250000000       0.612307500000000      -0.242774854569604     
   1.83292250000000       0.917461250000000      -0.257019282634008     
   1.83292250000000        1.22261500000000      -0.272173818156511     
   1.83292250000000        1.52776875000000      -0.287961657705121     
   1.83292250000000        1.83292250000000      -0.303946734951154     
   1.83292250000000        2.13807625000000      -0.319620551454872     
   1.83292250000000        2.44323000000000      -0.334402447859147     
   1.83292250000000        2.74838375000000      -0.347538496071874     
   1.83292250000000        3.05353750000000      -0.358051584450767     
   1.83292250000000        3.35869125000000      -0.364892253101976     
   1.83292250000000        3.66384500000000      -0.367256391786948     
   1.83292250000000        3.96899875000000      -0.364851907093914     
   1.83292250000000        4.27415250000000      -0.357983403440209     
   1.83292250000000        4.57930625000000      -0.347460188128995     
   1.83292250000000        4.88446000000000      -0.334328371381990     
   1.83292250000000        5.18961375000000      -0.319556972299489     
   1.83292250000000        5.49476750000000      -0.303892233762641     
   1.83292250000000        5.79992125000000      -0.287910885230472     
   1.83292250000000        6.10507500000000      -0.272122282033736     
   1.83292250000000        6.41022875000000      -0.256966273190381     
   1.83292250000000        6.71538250000000      -0.242723133175614     
   1.83292250000000        7.02053625000000      -0.229502428888607     
   1.83292250000000        7.32569000000000      -0.217152811715414     
   2.13807625000000       2.000000000000000E-003 -0.222834693054729     
   2.13807625000000       0.307153750000000      -0.235902295413389     
   2.13807625000000       0.612307500000000      -0.250084747063420     
   2.13807625000000       0.917461250000000      -0.265877261542591     
   2.13807625000000        1.22261500000000      -0.283162474526201     
   2.13807625000000        1.52776875000000      -0.301332401357047     
   2.13807625000000        1.83292250000000      -0.319620547183510     
   2.13807625000000        2.13807625000000      -0.337333000016054     
   2.13807625000000        2.44323000000000      -0.353846037162553     
   2.13807625000000        2.74838375000000      -0.368427453411780     
   2.13807625000000        3.05353750000000      -0.380087478558416     
   2.13807625000000        3.35869125000000      -0.387687207737217     
   2.13807625000000        3.66384500000000      -0.390321791262557     
   2.13807625000000        3.96899875000000      -0.387659505163718     
   2.13807625000000        4.27415250000000      -0.380039154543509     
   2.13807625000000        4.57930625000000      -0.368368576857792     
   2.13807625000000        4.88446000000000      -0.353784570700884     
   2.13807625000000        5.18961375000000      -0.337271631871158     
   2.13807625000000        5.49476750000000      -0.319556975222610     
   2.13807625000000        5.79992125000000      -0.301262308035041     
   2.13807625000000        6.10507500000000      -0.283083360384687     
   2.13807625000000        6.41022875000000      -0.265791625887126     
   2.13807625000000        6.71538250000000      -0.250002189516778     
   2.13807625000000        7.02053625000000      -0.235838753530267     
   2.13807625000000        7.32569000000000      -0.222804727620952     
   2.44323000000000       2.000000000000000E-003 -0.230953105354574     
   2.44323000000000       0.307153750000000      -0.243984620046995     
   2.44323000000000       0.612307500000000      -0.258135165796457     
   2.44323000000000       0.917461250000000      -0.274819234620241     
   2.44323000000000        1.22261500000000      -0.293823317719472     
   2.44323000000000        1.52776875000000      -0.314079505159102     
   2.44323000000000        1.83292250000000      -0.334402413734464     
   2.44323000000000        2.13807625000000      -0.353845998745572     
   2.44323000000000        2.44323000000000      -0.371706970484329     
   2.44323000000000        2.74838375000000      -0.387288375766798     
   2.44323000000000        3.05353750000000      -0.399661764440342     
   2.44323000000000        3.35869125000000      -0.407702674311217     
   2.44323000000000        3.66384500000000      -0.410489685111240     
   2.44323000000000        3.96899875000000      -0.407684202132123     
   2.44323000000000        4.27415250000000      -0.399628132780405     
   2.44323000000000        4.57930625000000      -0.387243978122860     
   2.44323000000000        4.88446000000000      -0.371654438927535     
   2.44323000000000        5.18961375000000      -0.353784512760147     
   2.44323000000000        5.49476750000000      -0.334328340714747     
   2.44323000000000        5.79992125000000      -0.313988173456165     
   2.44323000000000        6.10507500000000      -0.293711415062547     
   2.44323000000000        6.41022875000000      -0.274687695093411     
   2.44323000000000        6.71538250000000      -0.257996508473993     
   2.44323000000000        7.02053625000000      -0.243873247652827     
   2.44323000000000        7.32569000000000      -0.230911526473991     
   2.74838375000000       2.000000000000000E-003 -0.241346486185946     
   2.74838375000000       0.307153750000000      -0.253108563405587     
   2.74838375000000       0.612307500000000      -0.265952155733074     
   2.74838375000000       0.917461250000000      -0.282902839506172     
   2.74838375000000        1.22261500000000      -0.303316569563036     
   2.74838375000000        1.52776875000000      -0.325426687123278     
   2.74838375000000        1.83292250000000      -0.347538432841954     
   2.74838375000000        2.13807625000000      -0.368427369191423     
   2.74838375000000        2.44323000000000      -0.387288321760285     
   2.74838375000000        2.74838375000000      -0.403465883475036     
   2.74838375000000        3.05353750000000      -0.416172874855326     
   2.74838375000000        3.35869125000000      -0.424411211420841     
   2.74838375000000        3.66384500000000      -0.427274633817035     
   2.74838375000000        3.96899875000000      -0.424399401175334     
   2.74838375000000        4.27415250000000      -0.416150135855892     
   2.74838375000000        4.57930625000000      -0.403432796758375     
   2.74838375000000        4.88446000000000      -0.387243880521713     
   2.74838375000000        5.18961375000000      -0.368368430895707     
   2.74838375000000        5.49476750000000      -0.347460092055357     
   2.74838375000000        5.79992125000000      -0.325322503205703     
   2.74838375000000        6.10507500000000      -0.303177233228383     
   2.74838375000000        6.41022875000000      -0.282714162740874     
   2.74838375000000        6.71538250000000      -0.265722151881099     
   2.74838375000000        7.02053625000000      -0.252911201136315     
   2.74838375000000        7.32569000000000      -0.241277165662320     
   3.05353750000000       2.000000000000000E-003 -0.251031297685411     
   3.05353750000000       0.307153750000000      -0.259934869220316     
   3.05353750000000       0.612307500000000      -0.270704060549970     
   3.05353750000000       0.917461250000000      -0.288559294403404     
   3.05353750000000        1.22261500000000      -0.310666416910801     
   3.05353750000000        1.52776875000000      -0.334439484032599     
   3.05353750000000        1.83292250000000      -0.358051512689799     
   3.05353750000000        2.13807625000000      -0.380087362592650     
   3.05353750000000        2.44323000000000      -0.399661663094653     
   3.05353750000000        2.74838375000000      -0.416172819839541     
   3.05353750000000        3.05353750000000      -0.429026949644249     
   3.05353750000000        3.35869125000000      -0.437403454465215     
   3.05353750000000        3.66384500000000      -0.440348544470502     
   3.05353750000000        3.96899875000000      -0.437396495862728     
   3.05353750000000        4.27415250000000      -0.429012685152114     
   3.05353750000000        4.57930625000000      -0.416150024582378     
   3.05353750000000        4.88446000000000      -0.399627920984329     
   3.05353750000000        5.18961375000000      -0.380038945679057     
   3.05353750000000        5.49476750000000      -0.357983266134316     
   3.05353750000000        5.79992125000000      -0.334343298874239     
   3.05353750000000        6.10507500000000      -0.310523929989236     
   3.05353750000000        6.41022875000000      -0.288335228818876     
   3.05353750000000        6.71538250000000      -0.270399828070425     
   3.05353750000000        7.02053625000000      -0.259645936666570     
   3.05353750000000        7.32569000000000      -0.250940919184810     
   3.35869125000000       2.000000000000000E-003 -0.253983479038519     
   3.35869125000000       0.307153750000000      -0.259851925100148     
   3.35869125000000       0.612307500000000      -0.270154079763490     
   3.35869125000000       0.917461250000000      -0.290657046114589     
   3.35869125000000        1.22261500000000      -0.315098886134075     
   3.35869125000000        1.52776875000000      -0.340224786518841     
   3.35869125000000        1.83292250000000      -0.364892198129287     
   3.35869125000000        2.13807625000000      -0.387687083017332     
   3.35869125000000        2.44323000000000      -0.407702543846151     
   3.35869125000000        2.74838375000000      -0.424411114090325     
   3.35869125000000        3.05353750000000      -0.437403406593418     
   3.35869125000000        3.35869125000000      -0.446000835865524     
   3.35869125000000        3.66384500000000      -0.449090971911943     
   3.35869125000000        3.96899875000000      -0.445997595198089     
   3.35869125000000        4.27415250000000      -0.437396373130884     
   3.35869125000000        4.57930625000000      -0.424399233581353     
   3.35869125000000        4.88446000000000      -0.407683904145729     
   3.35869125000000        5.18961375000000      -0.387659256177915     
   3.35869125000000        5.49476750000000      -0.364851790811792     
   3.35869125000000        5.79992125000000      -0.340165400588474     
   3.35869125000000        6.10507500000000      -0.315002236719295     
   3.35869125000000        6.41022875000000      -0.290491726038612     
   3.35869125000000        6.71538250000000      -0.269900787063567     
   3.35869125000000        7.02053625000000      -0.259574598843848     
   3.35869125000000        7.32569000000000      -0.253925911700656     
   3.66384500000000       2.000000000000000E-003 -0.251647275009679     
   3.66384500000000       0.307153750000000      -0.256438993127252     
   3.66384500000000       0.612307500000000      -0.268145426459874     
   3.66384500000000       0.917461250000000      -0.290740105251789     
   3.66384500000000        1.22261500000000      -0.316476799355176     
   3.66384500000000        1.52776875000000      -0.342193932415350     
   3.66384500000000        1.83292250000000      -0.367256370480694     
   3.66384500000000        2.13807625000000      -0.390321678572510     
   3.66384500000000        2.44323000000000      -0.410489546061515     
   3.66384500000000        2.74838375000000      -0.427274513011606     
   3.66384500000000        3.05353750000000      -0.440348465547535     
   3.66384500000000        3.35869125000000      -0.449090938781767     
   3.66384500000000        3.66384500000000      -0.452279791928676     
   3.66384500000000        3.96899875000000      -0.449090857464270     
   3.66384500000000        4.27415250000000      -0.440348350139928     
   3.66384500000000        4.57930625000000      -0.427274362672453     
   3.66384500000000        4.88446000000000      -0.410489348296575     
   3.66384500000000        5.18961375000000      -0.390321542545695     
   3.66384500000000        5.49476750000000      -0.367256252985900     
   3.66384500000000        5.79992125000000      -0.342193914925235     
   3.66384500000000        6.10507500000000      -0.316476747467206     
   3.66384500000000        6.41022875000000      -0.290740054183379     
   3.66384500000000        6.71538250000000      -0.268145270166459     
   3.66384500000000        7.02053625000000      -0.256438403168009     
   3.66384500000000        7.32569000000000      -0.251647236919503     
   3.96899875000000       2.000000000000000E-003 -0.253925740449803     
   3.96899875000000       0.307153750000000      -0.259574883915801     
   3.96899875000000       0.612307500000000      -0.269900869419214     
   3.96899875000000       0.917461250000000      -0.290491820479578     
   3.96899875000000        1.22261500000000      -0.315002382085321     
   3.96899875000000        1.52776875000000      -0.340165527884950     
   3.96899875000000        1.83292250000000      -0.364851924073172     
   3.96899875000000        2.13807625000000      -0.387659418924554     
   3.96899875000000        2.44323000000000      -0.407684074045574     
   3.96899875000000        2.74838375000000      -0.424399279137336     
   3.96899875000000        3.05353750000000      -0.437396409412026     
   3.96899875000000        3.35869125000000      -0.445997552928362     
   3.96899875000000        3.66384500000000      -0.449090848485082     
   3.96899875000000        3.96899875000000      -0.446000695804697     
   3.96899875000000        4.27415250000000      -0.437403215858101     
   3.96899875000000        4.57930625000000      -0.424410931186033     
   3.96899875000000        4.88446000000000      -0.407702354323358     
   3.96899875000000        5.18961375000000      -0.387686988981210     
   3.96899875000000        5.49476750000000      -0.364892194815985     
   3.96899875000000        5.79992125000000      -0.340224846607805     
   3.96899875000000        6.10507500000000      -0.315098911104423     
   3.96899875000000        6.41022875000000      -0.290657005245314     
   3.96899875000000        6.71538250000000      -0.270153756817963     
   3.96899875000000        7.02053625000000      -0.259851149542129     
   3.96899875000000        7.32569000000000      -0.253982869661105     
   4.27415250000000       2.000000000000000E-003 -0.250940766236179     
   4.27415250000000       0.307153750000000      -0.259646100697034     
   4.27415250000000       0.612307500000000      -0.270399989665013     
   4.27415250000000       0.917461250000000      -0.288335403732478     
   4.27415250000000        1.22261500000000      -0.310524096148982     
   4.27415250000000        1.52776875000000      -0.334343476414668     
   4.27415250000000        1.83292250000000      -0.357983454636000     
   4.27415250000000        2.13807625000000      -0.380039104343991     
   4.27415250000000        2.44323000000000      -0.399628035247740     
   4.27415250000000        2.74838375000000      -0.416150038394517     
   4.27415250000000        3.05353750000000      -0.429012619742967     
   4.27415250000000        3.35869125000000      -0.437396350659312     
   4.27415250000000        3.66384500000000      -0.440348360584327     
   4.27415250000000        3.96899875000000      -0.437403234882318     
   4.27415250000000        4.27415250000000      -0.429026741901347     
   4.27415250000000        4.57930625000000      -0.416172596464538     
   4.27415250000000        4.88446000000000      -0.399661571797397     
   4.27415250000000        5.18961375000000      -0.380087328856651     
   4.27415250000000        5.49476750000000      -0.358051596619259     
   4.27415250000000        5.79992125000000      -0.334439638307310     
   4.27415250000000        6.10507500000000      -0.310666552567086     
   4.27415250000000        6.41022875000000      -0.288559297584603     
   4.27415250000000        6.71538250000000      -0.270703835705732     
   4.27415250000000        7.02053625000000      -0.259934362334163     
   4.27415250000000        7.32569000000000      -0.251030858368952     
   4.57930625000000       2.000000000000000E-003 -0.241276955899969     
   4.57930625000000       0.307153750000000      -0.252911263440721     
   4.57930625000000       0.612307500000000      -0.265722287922410     
   4.57930625000000       0.917461250000000      -0.282714324040454     
   4.57930625000000        1.22261500000000      -0.303177394101756     
   4.57930625000000        1.52776875000000      -0.325322683209469     
   4.57930625000000        1.83292250000000      -0.347460263822396     
   4.57930625000000        2.13807625000000      -0.368368568625341     
   4.57930625000000        2.44323000000000      -0.387243930245928     
   4.57930625000000        2.74838375000000      -0.403432750907314     
   4.57930625000000        3.05353750000000      -0.416150009400510     
   4.57930625000000        3.35869125000000      -0.424399258031118     
   4.57930625000000        3.66384500000000      -0.427274416052813     
   4.57930625000000        3.96899875000000      -0.424410989804111     
   4.57930625000000        4.27415250000000      -0.416172634324598     
   4.57930625000000        4.57930625000000      -0.403465728679609     
   4.57930625000000        4.88446000000000      -0.387288256743338     
   4.57930625000000        5.18961375000000      -0.368427389699439     
   4.57930625000000        5.49476750000000      -0.347538590566641     
   4.57930625000000        5.79992125000000      -0.325426896135954     
   4.57930625000000        6.10507500000000      -0.303316764885980     
   4.57930625000000        6.41022875000000      -0.282902914797002     
   4.57930625000000        6.71538250000000      -0.265952093216491     
   4.57930625000000        7.02053625000000      -0.253108382349663     
   4.57930625000000        7.32569000000000      -0.241346284906446     
   4.88446000000000       2.000000000000000E-003 -0.230911215133822     
   4.88446000000000       0.307153750000000      -0.243873111271463     
   4.88446000000000       0.612307500000000      -0.257996452180676     
   4.88446000000000       0.917461250000000      -0.274687696641450     
   4.88446000000000        1.22261500000000      -0.293711488612935     
   4.88446000000000        1.52776875000000      -0.313988290911281     
   4.88446000000000        1.83292250000000      -0.334328454574014     
   4.88446000000000        2.13807625000000      -0.353784603379766     
   4.88446000000000        2.44323000000000      -0.371654453504143     
   4.88446000000000        2.74838375000000      -0.387243906764925     
   4.88446000000000        3.05353750000000      -0.399627976965143     
   4.88446000000000        3.35869125000000      -0.407683991552688     
   4.88446000000000        3.66384500000000      -0.410489453889449     
   4.88446000000000        3.96899875000000      -0.407702456362464     
   4.88446000000000        4.27415250000000      -0.399661648620294     
   4.88446000000000        4.57930625000000      -0.387288294981124     
   4.88446000000000        4.88446000000000      -0.371707016471381     
   4.88446000000000        5.18961375000000      -0.353846125077121     
   4.88446000000000        5.49476750000000      -0.334402639627134     
   4.88446000000000        5.79992125000000      -0.314079750096156     
   4.88446000000000        6.10507500000000      -0.293823511264542     
   4.88446000000000        6.41022875000000      -0.274819354663783     
   4.88446000000000        6.71538250000000      -0.258135166522790     
   4.88446000000000        7.02053625000000      -0.243984535736795     
   4.88446000000000        7.32569000000000      -0.230952987130441     
   5.18961375000000       2.000000000000000E-003 -0.222804186952991     
   5.18961375000000       0.307153750000000      -0.235838331941735     
   5.18961375000000       0.612307500000000      -0.250001880347170     
   5.18961375000000       0.917461250000000      -0.265791425920835     
   5.18961375000000        1.22261500000000      -0.283083287803092     
   5.18961375000000        1.52776875000000      -0.301262334151626     
   5.18961375000000        1.83292250000000      -0.319557034776562     
   5.18961375000000        2.13807625000000      -0.337271690970916     
   5.18961375000000        2.44323000000000      -0.353784586881383     
   5.18961375000000        2.74838375000000      -0.368368532168669     
   5.18961375000000        3.05353750000000      -0.380039074738462     
   5.18961375000000        3.35869125000000      -0.387659402276534     
   5.18961375000000        3.66384500000000      -0.390321688249633     
   5.18961375000000        3.96899875000000      -0.387687116389392     
   5.18961375000000        4.27415250000000      -0.380087424508558     
   5.18961375000000        4.57930625000000      -0.368427447567543     
   5.18961375000000        4.88446000000000      -0.353846148063819     
   5.18961375000000        5.18961375000000      -0.337333183524800     
   5.18961375000000        5.49476750000000      -0.319620808103414     
   5.18961375000000        5.79992125000000      -0.301332645890284     
   5.18961375000000        6.10507500000000      -0.283162669511918     
   5.18961375000000        6.41022875000000      -0.265877345368164     
   5.18961375000000        6.71538250000000      -0.250084709363341     
   5.18961375000000        7.02053625000000      -0.235902157196428     
   5.18961375000000        7.32569000000000      -0.222834513675530     
   5.49476750000000       2.000000000000000E-003 -0.217151977492408     
   5.49476750000000       0.307153750000000      -0.229501675280305     
   5.49476750000000       0.612307500000000      -0.242722515844537     
   5.49476750000000       0.917461250000000      -0.256965825146955     
   5.49476750000000        1.22261500000000      -0.272122016209816     
   5.49476750000000        1.52776875000000      -0.287910782208249     
   5.49476750000000        1.83292250000000      -0.303892235222354     
   5.49476750000000        2.13807625000000      -0.319557028666049     
   5.49476750000000        2.44323000000000      -0.334328448474580     
   5.49476750000000        2.74838375000000      -0.347460245027764     
   5.49476750000000        3.05353750000000      -0.357983443058215     
   5.49476750000000        3.35869125000000      -0.364851964822665     
   5.49476750000000        3.66384500000000      -0.367256401481369     
   5.49476750000000        3.96899875000000      -0.364892306312069     
   5.49476750000000        4.27415250000000      -0.358051670607459     
   5.49476750000000        4.57930625000000      -0.347538632756039     
   5.49476750000000        4.88446000000000      -0.334402657990972     
   5.49476750000000        5.18961375000000      -0.319620811942007     
   5.49476750000000        5.49476750000000      -0.303947021953284     
   5.49476750000000        5.79992125000000      -0.287961890913007     
   5.49476750000000        6.10507500000000      -0.272173978051389     
   5.49476750000000        6.41022875000000      -0.257019306424146     
   5.49476750000000        6.71538250000000      -0.242774731540460     
   5.49476750000000        7.02053625000000      -0.229548779920351     
   5.49476750000000        7.32569000000000      -0.217189154500434     
   5.79992125000000       2.000000000000000E-003 -0.213822611903058     
   5.79992125000000       0.307153750000000      -0.225111323372980     
   5.79992125000000       0.612307500000000      -0.236697123678469     
   5.79992125000000       0.917461250000000      -0.248836008534458     
   5.79992125000000        1.22261500000000      -0.261472596272210     
   5.79992125000000        1.52776875000000      -0.274512101042297     
   5.79992125000000        1.83292250000000      -0.287910780287256     
   5.79992125000000        2.13807625000000      -0.301262309832621     
   5.79992125000000        2.44323000000000      -0.313988266885258     
   5.79992125000000        2.74838375000000      -0.325322657911145     
   5.79992125000000        3.05353750000000      -0.334343470907476     
   5.79992125000000        3.35869125000000      -0.340165544836078     
   5.79992125000000        3.66384500000000      -0.342194002826765     
   5.79992125000000        3.96899875000000      -0.340224877225220     
   5.79992125000000        4.27415250000000      -0.334439631323368     
   5.79992125000000        4.57930625000000      -0.325426874337764     
   5.79992125000000        4.88446000000000      -0.314079728387227     
   5.79992125000000        5.18961375000000      -0.301332630985554     
   5.79992125000000        5.49476750000000      -0.287961884855250     
   5.79992125000000        5.79992125000000      -0.274551067142326     
   5.79992125000000        6.10507500000000      -0.261506345005932     
   5.79992125000000        6.41022875000000      -0.248872251116785     
   5.79992125000000        6.71538250000000      -0.236743441282661     
   5.79992125000000        7.02053625000000      -0.225172452694542     
   5.79992125000000        7.32569000000000      -0.213893966892494     
   6.10507500000000       2.000000000000000E-003 -0.212490861722501     
   6.10507500000000       0.307153750000000      -0.222225093683068     
   6.10507500000000       0.612307500000000      -0.231507370462351     
   6.10507500000000       0.917461250000000      -0.241217260633373     
   6.10507500000000        1.22261500000000      -0.251241612793324     
   6.10507500000000        1.52776875000000      -0.261472639030581     
   6.10507500000000        1.83292250000000      -0.272122036056875     
   6.10507500000000        2.13807625000000      -0.283083263149077     
   6.10507500000000        2.44323000000000      -0.293711435315213     
   6.10507500000000        2.74838375000000      -0.303177324475792     
   6.10507500000000        3.05353750000000      -0.310524029422903     
   6.10507500000000        3.35869125000000      -0.315002277036461     
   6.10507500000000        3.66384500000000      -0.316476689418196     
   6.10507500000000        3.96899875000000      -0.315098767715082     
   6.10507500000000        4.27415250000000      -0.310666384002487     
   6.10507500000000        4.57930625000000      -0.303316620137288     
   6.10507500000000        4.88446000000000      -0.293823411137665     
   6.10507500000000        5.18961375000000      -0.283162615379881     
   6.10507500000000        5.49476750000000      -0.272173962638476     
   6.10507500000000        5.79992125000000      -0.261506353657905     
   6.10507500000000        6.10507500000000      -0.251270062819014     
   6.10507500000000        6.41022875000000      -0.241254011157511     
   6.10507500000000        6.71538250000000      -0.231568578965722     
   6.10507500000000        7.02053625000000      -0.222326360830526     
   6.10507500000000        7.32569000000000      -0.212623851077664     
   6.41022875000000       2.000000000000000E-003 -0.212859197137845     
   6.41022875000000       0.307153750000000      -0.219862994203918     
   6.41022875000000       0.612307500000000      -0.226167823671171     
   6.41022875000000       0.917461250000000      -0.233623413327122     
   6.41022875000000        1.22261500000000      -0.241217375987040     
   6.41022875000000        1.52776875000000      -0.248836140485092     
   6.41022875000000        1.83292250000000      -0.256965879797326     
   6.41022875000000        2.13807625000000      -0.265791396101250     
   6.41022875000000        2.44323000000000      -0.274687588774067     
   6.41022875000000        2.74838375000000      -0.282714130400914     
   6.41022875000000        3.05353750000000      -0.288335179874085     
   6.41022875000000        3.35869125000000      -0.290491567336636     
   6.41022875000000        3.66384500000000      -0.290739729690892     
   6.41022875000000        3.96899875000000      -0.290656558076804     
   6.41022875000000        4.27415250000000      -0.288558852495219     
   6.41022875000000        4.57930625000000      -0.282902579201487     
   6.41022875000000        4.88446000000000      -0.274819140543755     
   6.41022875000000        5.18961375000000      -0.265877239505788     
   6.41022875000000        5.49476750000000      -0.257019292079125     
   6.41022875000000        5.79992125000000      -0.248872290147167     
   6.41022875000000        6.10507500000000      -0.241254039891583     
   6.41022875000000        6.41022875000000      -0.233673366330152     
   6.41022875000000        6.71538250000000      -0.226249565238865     
   6.41022875000000        7.02053625000000      -0.220013150875884     
   6.41022875000000        7.32569000000000      -0.213072568129314     
   6.71538250000000       2.000000000000000E-003 -0.213609413911678     
   6.71538250000000       0.307153750000000      -0.215687988102144     
   6.71538250000000       0.612307500000000      -0.219883129765589     
   6.71538250000000       0.917461250000000      -0.226167984894561     
   6.71538250000000        1.22261500000000      -0.231507628674353     
   6.71538250000000        1.52776875000000      -0.236697351969703     
   6.71538250000000        1.83292250000000      -0.242722613148611     
   6.71538250000000        2.13807625000000      -0.250001815540819     
   6.71538250000000        2.44323000000000      -0.257996238245226     
   6.71538250000000        2.74838375000000      -0.265721901760559     
   6.71538250000000        3.05353750000000      -0.270399462335134     
   6.71538250000000        3.35869125000000      -0.269900206926182     
   6.71538250000000        3.66384500000000      -0.268144422932131     
   6.71538250000000        3.96899875000000      -0.270152797428477     
   6.71538250000000        4.27415250000000      -0.270702983837471     
   6.71538250000000        4.57930625000000      -0.265951489660777     
   6.71538250000000        4.88446000000000      -0.258134815216695     
   6.71538250000000        5.18961375000000      -0.250084550832305     
   6.71538250000000        5.49476750000000      -0.242774739178574     
   6.71538250000000        5.79992125000000      -0.236743527223171     
   6.71538250000000        6.10507500000000      -0.231568631258331     
   6.71538250000000        6.41022875000000      -0.226249511655713     
   6.71538250000000        6.71538250000000      -0.219981976774266     
   6.71538250000000        7.02053625000000      -0.215856657841745     
   6.71538250000000        7.32569000000000      -0.213896071995843     
   7.02053625000000       2.000000000000000E-003 -0.209401253247686     
   7.02053625000000       0.307153750000000      -0.209366448001771     
   7.02053625000000       0.612307500000000      -0.215687949759679     
   7.02053625000000       0.917461250000000      -0.219863226204454     
   7.02053625000000        1.22261500000000      -0.222225434829732     
   7.02053625000000        1.52776875000000      -0.225111604503386     
   7.02053625000000        1.83292250000000      -0.229501804216758     
   7.02053625000000        2.13807625000000      -0.235838244245440     
   7.02053625000000        2.44323000000000      -0.243872791320042     
   7.02053625000000        2.74838375000000      -0.252910639287205     
   7.02053625000000        3.05353750000000      -0.259645149798276     
   7.02053625000000        3.35869125000000      -0.259573532786783     
   7.02053625000000        3.66384500000000      -0.256437013512609     
   7.02053625000000        3.96899875000000      -0.259849714816947     
   7.02053625000000        4.27415250000000      -0.259933164101667     
   7.02053625000000        4.57930625000000      -0.253107536188591     
   7.02053625000000        4.88446000000000      -0.243984051839788     
   7.02053625000000        5.18961375000000      -0.235901954433922     
   7.02053625000000        5.49476750000000      -0.229548816139514     
   7.02053625000000        5.79992125000000      -0.225172595512830     
   7.02053625000000        6.10507500000000      -0.222326437884620     
   7.02053625000000        6.41022875000000      -0.220012937544963     
   7.02053625000000        6.71538250000000      -0.215856110967442     
   7.02053625000000        7.02053625000000      -0.209525492045393     
   7.02053625000000        7.32569000000000      -0.209692509517478     
   7.32569000000000       2.000000000000000E-003 -0.198102765684842     
   7.32569000000000       0.307153750000000      -0.209400773156554     
   7.32569000000000       0.612307500000000      -0.213609339514406     
   7.32569000000000       0.917461250000000      -0.212859402529916     
   7.32569000000000        1.22261500000000      -0.212491168063130     
   7.32569000000000        1.52776875000000      -0.213822878856673     
   7.32569000000000        1.83292250000000      -0.217152108729237     
   7.32569000000000        2.13807625000000      -0.222804115199539     
   7.32569000000000        2.44323000000000      -0.230910892853498     
   7.32569000000000        2.74838375000000      -0.241276321050802     
   7.32569000000000        3.05353750000000      -0.250939708240059     
   7.32569000000000        3.35869125000000      -0.253924354513341     
   7.32569000000000        3.66384500000000      -0.251645346730926     
   7.32569000000000        3.96899875000000      -0.253981230583928     
   7.32569000000000        4.27415250000000      -0.251029537202827     
   7.32569000000000        4.57930625000000      -0.241345338340214     
   7.32569000000000        4.88446000000000      -0.230952413866345     
   7.32569000000000        5.18961375000000      -0.222834276578581     
   7.32569000000000        5.49476750000000      -0.217189205602523     
   7.32569000000000        5.79992125000000      -0.213894163341090     
   7.32569000000000        6.10507500000000      -0.212623999151842     
   7.32569000000000        6.41022875000000      -0.213072357076306     
   7.32569000000000        6.71538250000000      -0.213895207491222     
   7.32569000000000        7.02053625000000      -0.209691688478800     
   7.32569000000000        7.32569000000000      -0.198304006682190     
