  2.000000000000000E-003  2.000000000000000E-003 -0.292306522766411     
  2.000000000000000E-003  0.307153750000000      -0.299449045181105     
  2.000000000000000E-003  0.612307500000000      -0.290702012657725     
  2.000000000000000E-003  0.917461250000000      -0.276971383003739     
  2.000000000000000E-003   1.22261500000000      -0.262798626843632     
  2.000000000000000E-003   1.52776875000000      -0.249831642136333     
  2.000000000000000E-003   1.83292250000000      -0.238740611063363     
  2.000000000000000E-003   2.13807625000000      -0.229945705093278     
  2.000000000000000E-003   2.44323000000000      -0.223152895802449     
  2.000000000000000E-003   2.74838375000000      -0.218172977524907     
  2.000000000000000E-003   3.05353750000000      -0.213736665583562     
  2.000000000000000E-003   3.35869125000000      -0.207324361883609     
  2.000000000000000E-003   3.66384500000000      -0.199522581868597     
  2.000000000000000E-003   3.96899875000000      -0.191332448645815     
  2.000000000000000E-003   4.27415250000000      -0.182611776978433     
  2.000000000000000E-003   4.57930625000000      -0.173271223557829     
  2.000000000000000E-003   4.88446000000000      -0.164708513121692     
  2.000000000000000E-003   5.18961375000000      -0.157556945181988     
  2.000000000000000E-003   5.49476750000000      -0.151792680298854     
  2.000000000000000E-003   5.79992125000000      -0.147129945215803     
  2.000000000000000E-003   6.10507500000000      -0.143252359214264     
  2.000000000000000E-003   6.41022875000000      -0.140071855244536     
  2.000000000000000E-003   6.71538250000000      -0.137578377710797     
  2.000000000000000E-003   7.02053625000000      -0.135315710067962     
  2.000000000000000E-003   7.32569000000000      -0.132131187879758     
  0.307153750000000       2.000000000000000E-003 -0.331722949994652     
  0.307153750000000       0.307153750000000      -0.312849891145072     
  0.307153750000000       0.612307500000000      -0.301944471230122     
  0.307153750000000       0.917461250000000      -0.292175082117807     
  0.307153750000000        1.22261500000000      -0.279229828958786     
  0.307153750000000        1.52776875000000      -0.265865126444880     
  0.307153750000000        1.83292250000000      -0.253772852105523     
  0.307153750000000        2.13807625000000      -0.243735542378020     
  0.307153750000000        2.44323000000000      -0.235635067996605     
  0.307153750000000        2.74838375000000      -0.229329908533237     
  0.307153750000000        3.05353750000000      -0.223403429126989     
  0.307153750000000        3.35869125000000      -0.215262996584876     
  0.307153750000000        3.66384500000000      -0.203866693885866     
  0.307153750000000        3.96899875000000      -0.193448817481701     
  0.307153750000000        4.27415250000000      -0.184698858920734     
  0.307153750000000        4.57930625000000      -0.176068143214950     
  0.307153750000000        4.88446000000000      -0.167981454448756     
  0.307153750000000        5.18961375000000      -0.160938249983430     
  0.307153750000000        5.49476750000000      -0.154993092334052     
  0.307153750000000        5.79992125000000      -0.150034603654550     
  0.307153750000000        6.10507500000000      -0.145771505898796     
  0.307153750000000        6.41022875000000      -0.142086320466606     
  0.307153750000000        6.71538250000000      -0.139022795675756     
  0.307153750000000        7.02053625000000      -0.136666134909105     
  0.307153750000000        7.32569000000000      -0.132648472701819     
  0.612307500000000       2.000000000000000E-003 -0.356532515214672     
  0.612307500000000       0.307153750000000      -0.339846208509826     
  0.612307500000000       0.612307500000000      -0.321307953535637     
  0.612307500000000       0.917461250000000      -0.309128393966089     
  0.612307500000000        1.22261500000000      -0.296389941019069     
  0.612307500000000        1.52776875000000      -0.282898465768458     
  0.612307500000000        1.83292250000000      -0.269961527676125     
  0.612307500000000        2.13807625000000      -0.258440937296671     
  0.612307500000000        2.44323000000000      -0.248410156567439     
  0.612307500000000        2.74838375000000      -0.239835182661547     
  0.612307500000000        3.05353750000000      -0.231354573734640     
  0.612307500000000        3.35869125000000      -0.221068812945214     
  0.612307500000000        3.66384500000000      -0.208710709457523     
  0.612307500000000        3.96899875000000      -0.197156227353016     
  0.612307500000000        4.27415250000000      -0.187609237503188     
  0.612307500000000        4.57930625000000      -0.179122870445758     
  0.612307500000000        4.88446000000000      -0.171389461676160     
  0.612307500000000        5.18961375000000      -0.164398538147260     
  0.612307500000000        5.49476750000000      -0.158258346303786     
  0.612307500000000        5.79992125000000      -0.152970652423912     
  0.612307500000000        6.10507500000000      -0.148366833517507     
  0.612307500000000        6.41022875000000      -0.144373725353078     
  0.612307500000000        6.71538250000000      -0.140951778064127     
  0.612307500000000        7.02053625000000      -0.137371742521336     
  0.612307500000000        7.32569000000000      -0.132388168831517     
  0.917461250000000       2.000000000000000E-003 -0.367045164734499     
  0.917461250000000       0.307153750000000      -0.358982908911051     
  0.917461250000000       0.612307500000000      -0.344309993118719     
  0.917461250000000       0.917461250000000      -0.330427545984770     
  0.917461250000000        1.22261500000000      -0.316407434883896     
  0.917461250000000        1.52776875000000      -0.301821596188967     
  0.917461250000000        1.83292250000000      -0.287415640329169     
  0.917461250000000        2.13807625000000      -0.273965458060538     
  0.917461250000000        2.44323000000000      -0.261637447564439     
  0.917461250000000        2.74838375000000      -0.250294850456074     
  0.917461250000000        3.05353750000000      -0.239243241462607     
  0.917461250000000        3.35869125000000      -0.227309974343359     
  0.917461250000000        3.66384500000000      -0.214586929155911     
  0.917461250000000        3.96899875000000      -0.202552785260721     
  0.917461250000000        4.27415250000000      -0.192185121302423     
  0.917461250000000        4.57930625000000      -0.183295103022878     
  0.917461250000000        4.88446000000000      -0.175306412268119     
  0.917461250000000        5.18961375000000      -0.168051475754299     
  0.917461250000000        5.49476750000000      -0.161575365444825     
  0.917461250000000        5.79992125000000      -0.155849151032382     
  0.917461250000000        6.10507500000000      -0.150787116214986     
  0.917461250000000        6.41022875000000      -0.146294835917179     
  0.917461250000000        6.71538250000000      -0.142185146173103     
  0.917461250000000        7.02053625000000      -0.137896124644477     
  0.917461250000000        7.32569000000000      -0.133188124498599     
   1.22261500000000       2.000000000000000E-003 -0.388866791026057     
   1.22261500000000       0.307153750000000      -0.384064862072581     
   1.22261500000000       0.612307500000000      -0.372438595252737     
   1.22261500000000       0.917461250000000      -0.357616813603829     
   1.22261500000000        1.22261500000000      -0.341086832801439     
   1.22261500000000        1.52776875000000      -0.323712357157497     
   1.22261500000000        1.83292250000000      -0.306498182521214     
   1.22261500000000        2.13807625000000      -0.290324535296618     
   1.22261500000000        2.44323000000000      -0.275338140487244     
   1.22261500000000        2.74838375000000      -0.261260105081967     
   1.22261500000000        3.05353750000000      -0.247684704549010     
   1.22261500000000        3.35869125000000      -0.234238423947741     
   1.22261500000000        3.66384500000000      -0.220955255881825     
   1.22261500000000        3.96899875000000      -0.208559924536185     
   1.22261500000000        4.27415250000000      -0.197643370670063     
   1.22261500000000        4.57930625000000      -0.188075387854492     
   1.22261500000000        4.88446000000000      -0.179527087959848     
   1.22261500000000        5.18961375000000      -0.171815127659846     
   1.22261500000000        5.49476750000000      -0.164849614123695     
   1.22261500000000        5.79992125000000      -0.158565967742991     
   1.22261500000000        6.10507500000000      -0.152903612259122     
   1.22261500000000        6.41022875000000      -0.147772454632435     
   1.22261500000000        6.71538250000000      -0.143008540628357     
   1.22261500000000        7.02053625000000      -0.138351028425993     
   1.22261500000000        7.32569000000000      -0.133738821946414     
   1.52776875000000       2.000000000000000E-003 -0.434122120700673     
   1.52776875000000       0.307153750000000      -0.429100790888700     
   1.52776875000000       0.612307500000000      -0.415417864053750     
   1.52776875000000       0.917461250000000      -0.396012989843275     
   1.52776875000000        1.22261500000000      -0.373598225205926     
   1.52776875000000        1.52776875000000      -0.350329144973814     
   1.52776875000000        1.83292250000000      -0.327982792790363     
   1.52776875000000        2.13807625000000      -0.307669202218101     
   1.52776875000000        2.44323000000000      -0.289344413332484     
   1.52776875000000        2.74838375000000      -0.272495783362087     
   1.52776875000000        3.05353750000000      -0.256635466587477     
   1.52776875000000        3.35869125000000      -0.241553463356776     
   1.52776875000000        3.66384500000000      -0.227378466909158     
   1.52776875000000        3.96899875000000      -0.214440184955206     
   1.52776875000000        4.27415250000000      -0.202946290503603     
   1.52776875000000        4.57930625000000      -0.192798399062223     
   1.52776875000000        4.88446000000000      -0.183728610499159     
   1.52776875000000        5.18961375000000      -0.175496317830890     
   1.52776875000000        5.49476750000000      -0.167962007717390     
   1.52776875000000        5.79992125000000      -0.161062225943199     
   1.52776875000000        6.10507500000000      -0.154752199164781     
   1.52776875000000        6.41022875000000      -0.148981842558843     
   1.52776875000000        6.71538250000000      -0.143662538903201     
   1.52776875000000        7.02053625000000      -0.138677824898353     
   1.52776875000000        7.32569000000000      -0.133991308130456     
   1.83292250000000       2.000000000000000E-003 -0.513527941100878     
   1.83292250000000       0.307153750000000      -0.505450793770945     
   1.83292250000000       0.612307500000000      -0.483609001028555     
   1.83292250000000       0.917461250000000      -0.452742471894606     
   1.83292250000000        1.22261500000000      -0.417826131952139     
   1.83292250000000        1.52776875000000      -0.383528277104053     
   1.83292250000000        1.83292250000000      -0.352721698448416     
   1.83292250000000        2.13807625000000      -0.326211907523479     
   1.83292250000000        2.44323000000000      -0.303467760218861     
   1.83292250000000        2.74838375000000      -0.283473460662846     
   1.83292250000000        3.05353750000000      -0.265364776084000     
   1.83292250000000        3.35869125000000      -0.248717697483003     
   1.83292250000000        3.66384500000000      -0.233507024116569     
   1.83292250000000        3.96899875000000      -0.219863868072480     
   1.83292250000000        4.27415250000000      -0.207814858328021     
   1.83292250000000        4.57930625000000      -0.197173176423435     
   1.83292250000000        4.88446000000000      -0.187623876993353     
   1.83292250000000        5.18961375000000      -0.178882794238749     
   1.83292250000000        5.49476750000000      -0.170791677612866     
   1.83292250000000        5.79992125000000      -0.163306153687610     
   1.83292250000000        6.10507500000000      -0.156422608037078     
   1.83292250000000        6.41022875000000      -0.150116018224570     
   1.83292250000000        6.71538250000000      -0.144338409289890     
   1.83292250000000        7.02053625000000      -0.139050700065275     
   1.83292250000000        7.32569000000000      -0.134232723578280     
   2.13807625000000       2.000000000000000E-003 -0.642424076649981     
   2.13807625000000       0.307153750000000      -0.627155373092448     
   2.13807625000000       0.612307500000000      -0.586632044573445     
   2.13807625000000       0.917461250000000      -0.532489210109313     
   2.13807625000000        1.22261500000000      -0.476038826216785     
   2.13807625000000        1.52776875000000      -0.424579488348449     
   2.13807625000000        1.83292250000000      -0.381195840781758     
   2.13807625000000        2.13807625000000      -0.345994104066805     
   2.13807625000000        2.44323000000000      -0.317499928243579     
   2.13807625000000        2.74838375000000      -0.293806659256460     
   2.13807625000000        3.05353750000000      -0.273341145173478     
   2.13807625000000        3.35869125000000      -0.255183813469783     
   2.13807625000000        3.66384500000000      -0.238982650202379     
   2.13807625000000        3.96899875000000      -0.224649512801192     
   2.13807625000000        4.27415250000000      -0.212068991202172     
   2.13807625000000        4.57930625000000      -0.200971016422235     
   2.13807625000000        4.88446000000000      -0.190988208205058     
   2.13807625000000        5.18961375000000      -0.181801029373222     
   2.13807625000000        5.49476750000000      -0.173241120353481     
   2.13807625000000        5.79992125000000      -0.165284739921778     
   2.13807625000000        6.10507500000000      -0.157966795524078     
   2.13807625000000        6.41022875000000      -0.151297620739522     
   2.13807625000000        6.71538250000000      -0.145241447703700     
   2.13807625000000        7.02053625000000      -0.139753120048705     
   2.13807625000000        7.32569000000000      -0.134814031574860     
   2.44323000000000       2.000000000000000E-003 -0.843237395667710     
   2.44323000000000       0.307153750000000      -0.812879098941010     
   2.44323000000000       0.612307500000000      -0.735270949652460     
   2.44323000000000       0.917461250000000      -0.640313424192865     
   2.44323000000000        1.22261500000000      -0.549804250280577     
   2.44323000000000        1.52776875000000      -0.473374984210013     
   2.44323000000000        1.83292250000000      -0.412899433631913     
   2.44323000000000        2.13807625000000      -0.366536611879127     
   2.44323000000000        2.44323000000000      -0.331060417279147     
   2.44323000000000        2.74838375000000      -0.303174180329606     
   2.44323000000000        3.05353750000000      -0.280260898635198     
   2.44323000000000        3.35869125000000      -0.260668456183103     
   2.44323000000000        3.66384500000000      -0.243574295263785     
   2.44323000000000        3.96899875000000      -0.228618722425769     
   2.44323000000000        4.27415250000000      -0.215550391828201     
   2.44323000000000        4.57930625000000      -0.204038488443833     
   2.44323000000000        4.88446000000000      -0.193684733563446     
   2.44323000000000        5.18961375000000      -0.184149001100896     
   2.44323000000000        5.49476750000000      -0.175256278435122     
   2.44323000000000        5.79992125000000      -0.166995565067355     
   2.44323000000000        6.10507500000000      -0.159425855993961     
   2.44323000000000        6.41022875000000      -0.152571227046227     
   2.44323000000000        6.71538250000000      -0.146381876523986     
   2.44323000000000        7.02053625000000      -0.140790465055150     
   2.44323000000000        7.32569000000000      -0.135787334447720     
   2.74838375000000       2.000000000000000E-003  -1.12654741096096     
   2.74838375000000       0.307153750000000       -1.07486658759365     
   2.74838375000000       0.612307500000000      -0.942427318227563     
   2.74838375000000       0.917461250000000      -0.780297091315520     
   2.74838375000000        1.22261500000000      -0.637078740006995     
   2.74838375000000        1.52776875000000      -0.527051008977861     
   2.74838375000000        1.83292250000000      -0.445678996343713     
   2.74838375000000        2.13807625000000      -0.386529112521272     
   2.74838375000000        2.44323000000000      -0.343442465350815     
   2.74838375000000        2.74838375000000      -0.311211971179999     
   2.74838375000000        3.05353750000000      -0.285918664327279     
   2.74838375000000        3.35869125000000      -0.265026256402310     
   2.74838375000000        3.66384500000000      -0.247162022053419     
   2.74838375000000        3.96899875000000      -0.231673576104672     
   2.74838375000000        4.27415250000000      -0.218183406174857     
   2.74838375000000        4.57930625000000      -0.206320301323694     
   2.74838375000000        4.88446000000000      -0.195675230985773     
   2.74838375000000        5.18961375000000      -0.185901983832031     
   2.74838375000000        5.49476750000000      -0.176822453974894     
   2.74838375000000        5.79992125000000      -0.168431843697461     
   2.74838375000000        6.10507500000000      -0.160801644764834     
   2.74838375000000        6.41022875000000      -0.153949838346748     
   2.74838375000000        6.71538250000000      -0.147823473116660     
   2.74838375000000        7.02053625000000      -0.142323240081742     
   2.74838375000000        7.32569000000000      -0.137351676636404     
   3.05353750000000       2.000000000000000E-003  -1.44104182186297     
   3.05353750000000       0.307153750000000       -1.36663460910252     
   3.05353750000000       0.612307500000000       -1.17275422305633     
   3.05353750000000       0.917461250000000      -0.936847090852187     
   3.05353750000000        1.22261500000000      -0.728043858496393     
   3.05353750000000        1.52776875000000      -0.578651502314373     
   3.05353750000000        1.83292250000000      -0.475417451123118     
   3.05353750000000        2.13807625000000      -0.403784967089673     
   3.05353750000000        2.44323000000000      -0.353599993423695     
   3.05353750000000        2.74838375000000      -0.317469871205577     
   3.05353750000000        3.05353750000000      -0.290129609304678     
   3.05353750000000        3.35869125000000      -0.268170101679274     
   3.05353750000000        3.66384500000000      -0.249696347337060     
   3.05353750000000        3.96899875000000      -0.233793793109224     
   3.05353750000000        4.27415250000000      -0.219977976002234     
   3.05353750000000        4.57930625000000      -0.207849674536471     
   3.05353750000000        4.88446000000000      -0.197001739701579     
   3.05353750000000        5.18961375000000      -0.187092002023012     
   3.05353750000000        5.49476750000000      -0.177943833786784     
   3.05353750000000        5.79992125000000      -0.169558650582813     
   3.05353750000000        6.10507500000000      -0.162026702138147     
   3.05353750000000        6.41022875000000      -0.155409168635031     
   3.05353750000000        6.71538250000000      -0.149614916588630     
   3.05353750000000        7.02053625000000      -0.144297542963484     
   3.05353750000000        7.32569000000000      -0.139364521602532     
   3.35869125000000       2.000000000000000E-003  -1.67070737165840     
   3.35869125000000       0.307153750000000       -1.58653125994059     
   3.35869125000000       0.612307500000000       -1.35677090212958     
   3.35869125000000       0.917461250000000       -1.06220675984729     
   3.35869125000000        1.22261500000000      -0.801457551288201     
   3.35869125000000        1.52776875000000      -0.617273687536899     
   3.35869125000000        1.83292250000000      -0.496634969695004     
   3.35869125000000        2.13807625000000      -0.415653778951633     
   3.35869125000000        2.44323000000000      -0.360344911955381     
   3.35869125000000        2.74838375000000      -0.321472458591517     
   3.35869125000000        3.05353750000000      -0.292726107829101     
   3.35869125000000        3.35869125000000      -0.270049511002926     
   3.35869125000000        3.66384500000000      -0.251175998756346     
   3.35869125000000        3.96899875000000      -0.235014189548263     
   3.35869125000000        4.27415250000000      -0.220998871553105     
   3.35869125000000        4.57930625000000      -0.208709013920707     
   3.35869125000000        4.88446000000000      -0.197745205911009     
   3.35869125000000        5.18961375000000      -0.187773814575392     
   3.35869125000000        5.49476750000000      -0.178622188620414     
   3.35869125000000        5.79992125000000      -0.170301236828648     
   3.35869125000000        6.10507500000000      -0.162939097591110     
   3.35869125000000        6.41022875000000      -0.156675481165014     
   3.35869125000000        6.71538250000000      -0.151309284128879     
   3.35869125000000        7.02053625000000      -0.146251098727703     
   3.35869125000000        7.32569000000000      -0.141339086129681     
   3.66384500000000       2.000000000000000E-003  -1.83369762464579     
   3.66384500000000       0.307153750000000       -1.66136143392155     
   3.66384500000000       0.612307500000000       -1.42467766835197     
   3.66384500000000       0.917461250000000       -1.11010405251847     
   3.66384500000000        1.22261500000000      -0.829761731881409     
   3.66384500000000        1.52776875000000      -0.631738732965957     
   3.66384500000000        1.83292250000000      -0.504358334627524     
   3.66384500000000        2.13807625000000      -0.419886382790104     
   3.66384500000000        2.44323000000000      -0.362704986671674     
   3.66384500000000        2.74838375000000      -0.322843550124224     
   3.66384500000000        3.05353750000000      -0.293594397951225     
   3.66384500000000        3.35869125000000      -0.270661918771175     
   3.66384500000000        3.66384500000000      -0.251647275009686     
   3.66384500000000        3.96899875000000      -0.235400195278074     
   3.66384500000000        4.27415250000000      -0.221321279313862     
   3.66384500000000        4.57930625000000      -0.208979472978175     
   3.66384500000000        4.88446000000000      -0.197980040715059     
   3.66384500000000        5.18961375000000      -0.187993994767427     
   3.66384500000000        5.49476750000000      -0.178850847295207     
   3.66384500000000        5.79992125000000      -0.170567334615280     
   3.66384500000000        6.10507500000000      -0.163297392095426     
   3.66384500000000        6.41022875000000      -0.157211228447763     
   3.66384500000000        6.71538250000000      -0.152089353631644     
   3.66384500000000        7.02053625000000      -0.147359547485692     
   3.66384500000000        7.32569000000000      -0.143523080480831     
   3.96899875000000       2.000000000000000E-003  -1.67070413927292     
   3.96899875000000       0.307153750000000       -1.58585402290732     
   3.96899875000000       0.612307500000000       -1.35614407410519     
   3.96899875000000       0.917461250000000       -1.06181010160756     
   3.96899875000000        1.22261500000000      -0.801237405880588     
   3.96899875000000        1.52776875000000      -0.617145326774676     
   3.96899875000000        1.83292250000000      -0.496549841124798     
   3.96899875000000        2.13807625000000      -0.415594064280916     
   3.96899875000000        2.44323000000000      -0.360300844124637     
   3.96899875000000        2.74838375000000      -0.321437351875500     
   3.96899875000000        3.05353750000000      -0.292695624653104     
   3.96899875000000        3.35869125000000      -0.270021590327151     
   3.96899875000000        3.66384500000000      -0.251150448920705     
   3.96899875000000        3.96899875000000      -0.234991725395377     
   3.96899875000000        4.27415250000000      -0.220980377987664     
   3.96899875000000        4.57930625000000      -0.208695106662601     
   3.96899875000000        4.88446000000000      -0.197736115126402     
   3.96899875000000        5.18961375000000      -0.187769731511122     
   3.96899875000000        5.49476750000000      -0.178623661280621     
   3.96899875000000        5.79992125000000      -0.170310007581048     
   3.96899875000000        6.10507500000000      -0.162960386964875     
   3.96899875000000        6.41022875000000      -0.156719006919546     
   3.96899875000000        6.71538250000000      -0.151384022656298     
   3.96899875000000        7.02053625000000      -0.146349989483928     
   3.96899875000000        7.32569000000000      -0.141436695780766     
   4.27415250000000       2.000000000000000E-003  -1.44104331724115     
   4.27415250000000       0.307153750000000       -1.36600770877170     
   4.27415250000000       0.612307500000000       -1.17203646836514     
   4.27415250000000       0.917461250000000      -0.936323064878069     
   4.27415250000000        1.22261500000000      -0.727723362285191     
   4.27415250000000        1.52776875000000      -0.578442886551376     
   4.27415250000000        1.83292250000000      -0.475271399714199     
   4.27415250000000        2.13807625000000      -0.403678063192291     
   4.27415250000000        2.44323000000000      -0.353517347557044     
   4.27415250000000        2.74838375000000      -0.317400902351556     
   4.27415250000000        3.05353750000000      -0.290067911699884     
   4.27415250000000        3.35869125000000      -0.268113281841797     
   4.27415250000000        3.66384500000000      -0.249644770294123     
   4.27415250000000        3.96899875000000      -0.233749029277487     
   4.27415250000000        4.27415250000000      -0.219941367028221     
   4.27415250000000        4.57930625000000      -0.207821764383421     
   4.27415250000000        4.88446000000000      -0.196982510910207     
   4.27415250000000        5.18961375000000      -0.187081514452713     
   4.27415250000000        5.49476750000000      -0.177942793350350     
   4.27415250000000        5.79992125000000      -0.169569471277781     
   4.27415250000000        6.10507500000000      -0.162055612016635     
   4.27415250000000        6.41022875000000      -0.155469083743155     
   4.27415250000000        6.71538250000000      -0.149716870404676     
   4.27415250000000        7.02053625000000      -0.144439896510215     
   4.27415250000000        7.32569000000000      -0.139524221683899     
   4.57930625000000       2.000000000000000E-003  -1.12655104348394     
   4.57930625000000       0.307153750000000       -1.07447624131440     
   4.57930625000000       0.612307500000000      -0.941910071733717     
   4.57930625000000       0.917461250000000      -0.779868094507720     
   4.57930625000000        1.22261500000000      -0.636767395091127     
   4.57930625000000        1.52776875000000      -0.526821709602355     
   4.57930625000000        1.83292250000000      -0.445505666621822     
   4.57930625000000        2.13807625000000      -0.386392694208451     
   4.57930625000000        2.44323000000000      -0.343328098874391     
   4.57930625000000        2.74838375000000      -0.311109539566955     
   4.57930625000000        3.05353750000000      -0.285823330105129     
   4.57930625000000        3.35869125000000      -0.264937979779496     
   4.57930625000000        3.66384500000000      -0.247083247884627     
   4.57930625000000        3.96899875000000      -0.231606730631956     
   4.57930625000000        4.27415250000000      -0.218129457329626     
   4.57930625000000        4.57930625000000      -0.206278641479095     
   4.57930625000000        4.88446000000000      -0.195644774967852     
   4.57930625000000        5.18961375000000      -0.185882116775319     
   4.57930625000000        5.49476750000000      -0.176813770913471     
   4.57930625000000        5.79992125000000      -0.168436480093999     
   4.57930625000000        6.10507500000000      -0.160824159285756     
   4.57930625000000        6.41022875000000      -0.153998551614487     
   4.57930625000000        6.71538250000000      -0.147906904134287     
   4.57930625000000        7.02053625000000      -0.142438928044320     
   4.57930625000000        7.32569000000000      -0.137482284209523     
   4.88446000000000       2.000000000000000E-003 -0.843240555498734     
   4.88446000000000       0.307153750000000      -0.812673360715034     
   4.88446000000000       0.612307500000000      -0.734971313623767     
   4.88446000000000       0.917461250000000      -0.640018327731738     
   4.88446000000000        1.22261500000000      -0.549551135787922     
   4.88446000000000        1.52776875000000      -0.473166590322407     
   4.88446000000000        1.83292250000000      -0.412725697476378     
   4.88446000000000        2.13807625000000      -0.366384048379165     
   4.88446000000000        2.44323000000000      -0.330917575236783     
   4.88446000000000        2.74838375000000      -0.303035306151531     
   4.88446000000000        3.05353750000000      -0.280126813140487     
   4.88446000000000        3.35869125000000      -0.260544516283558     
   4.88446000000000        3.66384500000000      -0.243466426847682     
   4.88446000000000        3.96899875000000      -0.228530123959612     
   4.88446000000000        4.27415250000000      -0.215480472825658     
   4.88446000000000        4.57930625000000      -0.203984230289196     
   4.88446000000000        4.88446000000000      -0.193643024517810     
   4.88446000000000        5.18961375000000      -0.184118343218262     
   4.88446000000000        5.49476750000000      -0.175237054094544     
   4.88446000000000        5.79992125000000      -0.166989655438965     
   4.88446000000000        6.10507500000000      -0.159436154601026     
   4.88446000000000        6.41022875000000      -0.152601498484456     
   4.88446000000000        6.71538250000000      -0.146435359174764     
   4.88446000000000        7.02053625000000      -0.140865822002049     
   4.88446000000000        7.32569000000000      -0.135875104498898     
   5.18961375000000       2.000000000000000E-003 -0.642425781740309     
   5.18961375000000       0.307153750000000      -0.627050042651949     
   5.18961375000000       0.612307500000000      -0.586459877049510     
   5.18961375000000       0.917461250000000      -0.532296864269637     
   5.18961375000000        1.22261500000000      -0.475854200453571     
   5.18961375000000        1.52776875000000      -0.424409488113614     
   5.18961375000000        1.83292250000000      -0.381033932143977     
   5.18961375000000        2.13807625000000      -0.345829596588121     
   5.18961375000000        2.44323000000000      -0.317325899205682     
   5.18961375000000        2.74838375000000      -0.293624609787110     
   5.18961375000000        3.05353750000000      -0.273160859636585     
   5.18961375000000        3.35869125000000      -0.255018827734651     
   5.18961375000000        3.66384500000000      -0.238843745054641     
   5.18961375000000        3.96899875000000      -0.224540194584536     
   5.18961375000000        4.27415250000000      -0.211985642107872     
   5.18961375000000        4.57930625000000      -0.200906774097265     
   5.18961375000000        4.88446000000000      -0.190937324376747     
   5.18961375000000        5.18961375000000      -0.181761118511567     
   5.18961375000000        5.49476750000000      -0.173212822497587     
   5.18961375000000        5.79992125000000      -0.165270041710441     
   5.18961375000000        6.10507500000000      -0.157967857796522     
   5.18961375000000        6.41022875000000      -0.151316461049382     
   5.18961375000000        6.71538250000000      -0.145279716427163     
   5.18961375000000        7.02053625000000      -0.139810496006142     
   5.18961375000000        7.32569000000000      -0.134886089830494     
   5.49476750000000       2.000000000000000E-003 -0.513528515439769     
   5.49476750000000       0.307153750000000      -0.505394689093683     
   5.49476750000000       0.612307500000000      -0.483513181799883     
   5.49476750000000       0.917461250000000      -0.452627045368765     
   5.49476750000000        1.22261500000000      -0.417703269276063     
   5.49476750000000        1.52776875000000      -0.383396914120413     
   5.49476750000000        1.83292250000000      -0.352571511002949     
   5.49476750000000        2.13807625000000      -0.326032040252613     
   5.49476750000000        2.44323000000000      -0.303255688559018     
   5.49476750000000        2.74838375000000      -0.283239256177671     
   5.49476750000000        3.05353750000000      -0.265129537787484     
   5.49476750000000        3.35869125000000      -0.248505895335210     
   5.49476750000000        3.66384500000000      -0.233335854304978     
   5.49476750000000        3.96899875000000      -0.219736604206280     
   5.49476750000000        4.27415250000000      -0.207722601127217     
   5.49476750000000        4.57930625000000      -0.197103370012989     
   5.49476750000000        4.88446000000000      -0.187567804236131     
   5.49476750000000        5.18961375000000      -0.178837914084564     
   5.49476750000000        5.49476750000000      -0.170759731463163     
   5.49476750000000        5.79992125000000      -0.163289791398885     
   5.49476750000000        6.10507500000000      -0.156423389792962     
   5.49476750000000        6.41022875000000      -0.150135273837239     
   5.49476750000000        6.71538250000000      -0.144379744977688     
   5.49476750000000        7.02053625000000      -0.139118589865246     
   5.49476750000000        7.32569000000000      -0.134324300319553     
   5.79992125000000       2.000000000000000E-003 -0.434121784653862     
   5.79992125000000       0.307153750000000      -0.429067621795173     
   5.79992125000000       0.612307500000000      -0.415365533377416     
   5.79992125000000       0.917461250000000      -0.395952308799997     
   5.79992125000000        1.22261500000000      -0.373526055328959     
   5.79992125000000        1.52776875000000      -0.350230160381698     
   5.79992125000000        1.83292250000000      -0.327839475942677     
   5.79992125000000        2.13807625000000      -0.307468632116701     
   5.79992125000000        2.44323000000000      -0.289086912675633     
   5.79992125000000        2.74838375000000      -0.272199147792688     
   5.79992125000000        3.05353750000000      -0.256333513405952     
   5.79992125000000        3.35869125000000      -0.241286390550726     
   5.79992125000000        3.66384500000000      -0.227174851110562     
   5.79992125000000        3.96899875000000      -0.214301659357416     
   5.79992125000000        4.27415250000000      -0.202853158622963     
   5.79992125000000        4.57930625000000      -0.192729135711493     
   5.79992125000000        4.88446000000000      -0.183672063933812     
   5.79992125000000        5.18961375000000      -0.175451925032573     
   5.79992125000000        5.49476750000000      -0.167934287737185     
   5.79992125000000        5.79992125000000      -0.161054553336221     
   5.79992125000000        6.10507500000000      -0.154764169607350     
   5.79992125000000        6.41022875000000      -0.149017162749730     
   5.79992125000000        6.71538250000000      -0.143734504292577     
   5.79992125000000        7.02053625000000      -0.138800424665649     
   5.79992125000000        7.32569000000000      -0.134156313459403     
   6.10507500000000       2.000000000000000E-003 -0.388865633426920     
   6.10507500000000       0.307153750000000      -0.384038115438086     
   6.10507500000000       0.612307500000000      -0.372409579530643     
   6.10507500000000       0.917461250000000      -0.357595641842701     
   6.10507500000000        1.22261500000000      -0.341057988183236     
   6.10507500000000        1.52776875000000      -0.323644842992246     
   6.10507500000000        1.83292250000000      -0.306361156127686     
   6.10507500000000        2.13807625000000      -0.290102016628771     
   6.10507500000000        2.44323000000000      -0.275030044273837     
   6.10507500000000        2.74838375000000      -0.260886149965466     
   6.10507500000000        3.05353750000000      -0.247289638163867     
   6.10507500000000        3.35869125000000      -0.233891797364532     
   6.10507500000000        3.66384500000000      -0.220717303583693     
   6.10507500000000        3.96899875000000      -0.208427129112503     
   6.10507500000000        4.27415250000000      -0.197565308106970     
   6.10507500000000        4.57930625000000      -0.188014083449281     
   6.10507500000000        4.88446000000000      -0.179473227676863     
   6.10507500000000        5.18961375000000      -0.171775460919928     
   6.10507500000000        5.49476750000000      -0.164834481184700     
   6.10507500000000        5.79992125000000      -0.158580066732677     
   6.10507500000000        6.10507500000000      -0.152945807228655     
   6.10507500000000        6.41022875000000      -0.147846034321715     
   6.10507500000000        6.71538250000000      -0.143139163249379     
   6.10507500000000        7.02053625000000      -0.138576893289776     
   6.10507500000000        7.32569000000000      -0.134042159717042     
   6.41022875000000       2.000000000000000E-003 -0.367043679346026     
   6.41022875000000       0.307153750000000      -0.358955219525708     
   6.41022875000000       0.612307500000000      -0.344303297083263     
   6.41022875000000       0.917461250000000      -0.330449772526120     
   6.41022875000000        1.22261500000000      -0.316427571745792     
   6.41022875000000        1.52776875000000      -0.301793523815588     
   6.41022875000000        1.83292250000000      -0.287294182088716     
   6.41022875000000        2.13807625000000      -0.273727755836810     
   6.41022875000000        2.44323000000000      -0.261277002324845     
   6.41022875000000        2.74838375000000      -0.249814738310816     
   6.41022875000000        3.05353750000000      -0.238698342388166     
   6.41022875000000        3.35869125000000      -0.226840438007372     
   6.41022875000000        3.66384500000000      -0.214313251060854     
   6.41022875000000        3.96899875000000      -0.202453025409831     
   6.41022875000000        4.27415250000000      -0.192145754785981     
   6.41022875000000        4.57930625000000      -0.183246499745238     
   6.41022875000000        4.88446000000000      -0.175252035859725     
   6.41022875000000        5.18961375000000      -0.168016515809102     
   6.41022875000000        5.49476750000000      -0.161580869702922     
   6.41022875000000        5.79992125000000      -0.155904657931586     
   6.41022875000000        6.10507500000000      -0.150885319025124     
   6.41022875000000        6.41022875000000      -0.146424079656332     
   6.41022875000000        6.71538250000000      -0.142376051479967     
   6.41022875000000        7.02053625000000      -0.138248795761476     
   6.41022875000000        7.32569000000000      -0.133691081706142     
   6.71538250000000       2.000000000000000E-003 -0.356531411987135     
   6.71538250000000       0.307153750000000      -0.339822081809920     
   6.71538250000000       0.612307500000000      -0.321334681381449     
   6.71538250000000       0.917461250000000      -0.309198931433836     
   6.71538250000000        1.22261500000000      -0.296463484813540     
   6.71538250000000        1.52776875000000      -0.282917689155397     
   6.71538250000000        1.83292250000000      -0.269870493762889     
   6.71538250000000        2.13807625000000      -0.258203154479193     
   6.71538250000000        2.44323000000000      -0.248005284456123     
   6.71538250000000        2.74838375000000      -0.239235882012329     
   6.71538250000000        3.05353750000000      -0.230634876030623     
   6.71538250000000        3.35869125000000      -0.220437077017117     
   6.71538250000000        3.66384500000000      -0.208396676327856     
   6.71538250000000        3.96899875000000      -0.197095442942297     
   6.71538250000000        4.27415250000000      -0.187587194867954     
   6.71538250000000        4.57930625000000      -0.179061522408518     
   6.71538250000000        4.88446000000000      -0.171316203089749     
   6.71538250000000        5.18961375000000      -0.164360805825079     
   6.71538250000000        5.49476750000000      -0.158289881501838     
   6.71538250000000        5.79992125000000      -0.153086245579171     
   6.71538250000000        6.10507500000000      -0.148549186275877     
   6.71538250000000        6.41022875000000      -0.144575127679475     
   6.71538250000000        6.71538250000000      -0.141157611730382     
   6.71538250000000        7.02053625000000      -0.137771634260161     
   6.71538250000000        7.32569000000000      -0.133091924878248     
   7.02053625000000       2.000000000000000E-003 -0.331723118694577     
   7.02053625000000       0.307153750000000      -0.312823498658576     
   7.02053625000000       0.612307500000000      -0.301941447489636     
   7.02053625000000       0.917461250000000      -0.292240280879905     
   7.02053625000000        1.22261500000000      -0.279328634509079     
   7.02053625000000        1.52776875000000      -0.265920339620081     
   7.02053625000000        1.83292250000000      -0.253717033878495     
   7.02053625000000        2.13807625000000      -0.243518767817586     
   7.02053625000000        2.44323000000000      -0.235222599532821     
   7.02053625000000        2.74838375000000      -0.228690029740260     
   7.02053625000000        3.05353750000000      -0.222592883245585     
   7.02053625000000        3.35869125000000      -0.214516253492259     
   7.02053625000000        3.66384500000000      -0.203521113177063     
   7.02053625000000        3.96899875000000      -0.193337557087389     
   7.02053625000000        4.27415250000000      -0.184579111297277     
   7.02053625000000        4.57930625000000      -0.175916853201785     
   7.02053625000000        4.88446000000000      -0.167852181550849     
   7.02053625000000        5.18961375000000      -0.160882895936785     
   7.02053625000000        5.49476750000000      -0.155045882661191     
   7.02053625000000        5.79992125000000      -0.150211553231955     
   7.02053625000000        6.10507500000000      -0.146050404416622     
   7.02053625000000        6.41022875000000      -0.142385392684924     
   7.02053625000000        6.71538250000000      -0.139237032362437     
   7.02053625000000        7.02053625000000      -0.136923350653999     
   7.02053625000000        7.32569000000000      -0.133318747939422     
   7.32569000000000       2.000000000000000E-003 -0.292306501544053     
   7.32569000000000       0.307153750000000      -0.299251346165332     
   7.32569000000000       0.612307500000000      -0.290472645016792     
   7.32569000000000       0.917461250000000      -0.276934612798991     
   7.32569000000000        1.22261500000000      -0.262867977829143     
   7.32569000000000        1.52776875000000      -0.249892145196912     
   7.32569000000000        1.83292250000000      -0.238709581041566     
   7.32569000000000        2.13807625000000      -0.229769140388184     
   7.32569000000000        2.44323000000000      -0.222803027967195     
   7.32569000000000        2.74838375000000      -0.217640680672359     
   7.32569000000000        3.05353750000000      -0.213087558287849     
   7.32569000000000        3.35869125000000      -0.206765168726740     
   7.32569000000000        3.66384500000000      -0.199255697638519     
   7.32569000000000        3.96899875000000      -0.190953226552228     
   7.32569000000000        4.27415250000000      -0.182251246721858     
   7.32569000000000        4.57930625000000      -0.172967499810039     
   7.32569000000000        4.88446000000000      -0.164497896338600     
   7.32569000000000        5.18961375000000      -0.157470389462347     
   7.32569000000000        5.49476750000000      -0.151848487806649     
   7.32569000000000        5.79992125000000      -0.147338548544165     
   7.32569000000000        6.10507500000000      -0.143586293963931     
   7.32569000000000        6.41022875000000      -0.140440498572339     
   7.32569000000000        6.71538250000000      -0.137868565081748     
   7.32569000000000        7.02053625000000      -0.135685280010192     
   7.32569000000000        7.32569000000000      -0.132562390269995     
