  2.000000000000000E-003  2.000000000000000E-003 -0.249089955511705     
  2.000000000000000E-003  0.307153750000000      -0.261846563506157     
  2.000000000000000E-003  0.612307500000000      -0.262953898843759     
  2.000000000000000E-003  0.917461250000000      -0.257661821355175     
  2.000000000000000E-003   1.22261500000000      -0.251917417343222     
  2.000000000000000E-003   1.52776875000000      -0.247244615301915     
  2.000000000000000E-003   1.83292250000000      -0.243985724501227     
  2.000000000000000E-003   2.13807625000000      -0.242419123422378     
  2.000000000000000E-003   2.44323000000000      -0.242420964788915     
  2.000000000000000E-003   2.74838375000000      -0.243692235345622     
  2.000000000000000E-003   3.05353750000000      -0.244365856070452     
  2.000000000000000E-003   3.35869125000000      -0.240801559742432     
  2.000000000000000E-003   3.66384500000000      -0.233505062848072     
  2.000000000000000E-003   3.96899875000000      -0.227805826775582     
  2.000000000000000E-003   4.27415250000000      -0.219453631606710     
  2.000000000000000E-003   4.57930625000000      -0.207568842841933     
  2.000000000000000E-003   4.88446000000000      -0.195968688198370     
  2.000000000000000E-003   5.18961375000000      -0.186463808389855     
  2.000000000000000E-003   5.49476750000000      -0.179204503966024     
  2.000000000000000E-003   5.79992125000000      -0.173936199504533     
  2.000000000000000E-003   6.10507500000000      -0.170324410954831     
  2.000000000000000E-003   6.41022875000000      -0.168228549305728     
  2.000000000000000E-003   6.71538250000000      -0.167020710453757     
  2.000000000000000E-003   7.02053625000000      -0.163473066994122     
  2.000000000000000E-003   7.32569000000000      -0.156495944392727     
  0.307153750000000       2.000000000000000E-003 -0.272320954100732     
  0.307153750000000       0.307153750000000      -0.264408030526942     
  0.307153750000000       0.612307500000000      -0.267679402937379     
  0.307153750000000       0.917461250000000      -0.270060068087912     
  0.307153750000000        1.22261500000000      -0.268018904631756     
  0.307153750000000        1.52776875000000      -0.264724523853467     
  0.307153750000000        1.83292250000000      -0.261844267529329     
  0.307153750000000        2.13807625000000      -0.260105049019791     
  0.307153750000000        2.44323000000000      -0.259421495805589     
  0.307153750000000        2.74838375000000      -0.259136663779461     
  0.307153750000000        3.05353750000000      -0.257001183364555     
  0.307153750000000        3.35869125000000      -0.250110537881978     
  0.307153750000000        3.66384500000000      -0.239983973079676     
  0.307153750000000        3.96899875000000      -0.232827800379779     
  0.307153750000000        4.27415250000000      -0.224845678384085     
  0.307153750000000        4.57930625000000      -0.214153825187131     
  0.307153750000000        4.88446000000000      -0.203290302502963     
  0.307153750000000        5.18961375000000      -0.193891799403748     
  0.307153750000000        5.49476750000000      -0.186170888566715     
  0.307153750000000        5.79992125000000      -0.180138889510055     
  0.307153750000000        6.10507500000000      -0.175459804587577     
  0.307153750000000        6.41022875000000      -0.171771481790483     
  0.307153750000000        6.71538250000000      -0.168158743264263     
  0.307153750000000        7.02053625000000      -0.163902784960597     
  0.307153750000000        7.32569000000000      -0.160610727972722     
  0.612307500000000       2.000000000000000E-003 -0.284418860497509     
  0.612307500000000       0.307153750000000      -0.281517995599042     
  0.612307500000000       0.612307500000000      -0.280222230717318     
  0.612307500000000       0.917461250000000      -0.283500193824626     
  0.612307500000000        1.22261500000000      -0.284434016346985     
  0.612307500000000        1.52776875000000      -0.283269330165182     
  0.612307500000000        1.83292250000000      -0.281384438388207     
  0.612307500000000        2.13807625000000      -0.279695504580884     
  0.612307500000000        2.44323000000000      -0.278014006319425     
  0.612307500000000        2.74838375000000      -0.275671943509711     
  0.612307500000000        3.05353750000000      -0.270560117161760     
  0.612307500000000        3.35869125000000      -0.261085229263222     
  0.612307500000000        3.66384500000000      -0.249333830387888     
  0.612307500000000        3.96899875000000      -0.239459503516990     
  0.612307500000000        4.27415250000000      -0.230378741922235     
  0.612307500000000        4.57930625000000      -0.220430370703754     
  0.612307500000000        4.88446000000000      -0.210491395067474     
  0.612307500000000        5.18961375000000      -0.201305017064811     
  0.612307500000000        5.49476750000000      -0.193181761580662     
  0.612307500000000        5.79992125000000      -0.186302304971413     
  0.612307500000000        6.10507500000000      -0.180409521558289     
  0.612307500000000        6.41022875000000      -0.175185884138127     
  0.612307500000000        6.71538250000000      -0.170289531025421     
  0.612307500000000        7.02053625000000      -0.166039021582283     
  0.612307500000000        7.32569000000000      -0.161553395642104     
  0.917461250000000       2.000000000000000E-003 -0.285857619802538     
  0.917461250000000       0.307153750000000      -0.292378168594745     
  0.917461250000000       0.612307500000000      -0.295505544925478     
  0.917461250000000       0.917461250000000      -0.299518821889092     
  0.917461250000000        1.22261500000000      -0.302384773616893     
  0.917461250000000        1.52776875000000      -0.303230814546294     
  0.917461250000000        1.83292250000000      -0.302566622998620     
  0.917461250000000        2.13807625000000      -0.301180569199670     
  0.917461250000000        2.44323000000000      -0.298646171978726     
  0.917461250000000        2.74838375000000      -0.294339591470669     
  0.917461250000000        3.05353750000000      -0.287274917253087     
  0.917461250000000        3.35869125000000      -0.276637003966793     
  0.917461250000000        3.66384500000000      -0.263807990263048     
  0.917461250000000        3.96899875000000      -0.251213091195445     
  0.917461250000000        4.27415250000000      -0.239585286370842     
  0.917461250000000        4.57930625000000      -0.228682751622843     
  0.917461250000000        4.88446000000000      -0.218467059422184     
  0.917461250000000        5.18961375000000      -0.208927161348845     
  0.917461250000000        5.49476750000000      -0.200156796252584     
  0.917461250000000        5.79992125000000      -0.192313917743034     
  0.917461250000000        6.10507500000000      -0.185224170092546     
  0.917461250000000        6.41022875000000      -0.178774633718732     
  0.917461250000000        6.71538250000000      -0.172946016551943     
  0.917461250000000        7.02053625000000      -0.167616707731137     
  0.917461250000000        7.32569000000000      -0.161832429914096     
   1.22261500000000       2.000000000000000E-003 -0.289570773529301     
   1.22261500000000       0.307153750000000      -0.301003627178620     
   1.22261500000000       0.612307500000000      -0.309621206373714     
   1.22261500000000       0.917461250000000      -0.316938635851642     
   1.22261500000000        1.22261500000000      -0.322410187381826     
   1.22261500000000        1.52776875000000      -0.325327740267987     
   1.22261500000000        1.83292250000000      -0.325965054018494     
   1.22261500000000        2.13807625000000      -0.324718772667710     
   1.22261500000000        2.44323000000000      -0.321213104889855     
   1.22261500000000        2.74838375000000      -0.315120070429412     
   1.22261500000000        3.05353750000000      -0.306132862188674     
   1.22261500000000        3.35869125000000      -0.294208347226492     
   1.22261500000000        3.66384500000000      -0.280083896303240     
   1.22261500000000        3.96899875000000      -0.265318442352537     
   1.22261500000000        4.27415250000000      -0.251278499334045     
   1.22261500000000        4.57930625000000      -0.238565335749287     
   1.22261500000000        4.88446000000000      -0.227157878009493     
   1.22261500000000        5.18961375000000      -0.216748221357448     
   1.22261500000000        5.49476750000000      -0.207047695123675     
   1.22261500000000        5.79992125000000      -0.198042272222125     
   1.22261500000000        6.10507500000000      -0.189702598515606     
   1.22261500000000        6.41022875000000      -0.182004281267200     
   1.22261500000000        6.71538250000000      -0.175008198172506     
   1.22261500000000        7.02053625000000      -0.168526041330702     
   1.22261500000000        7.32569000000000      -0.162012746973719     
   1.52776875000000       2.000000000000000E-003 -0.299186163407628     
   1.52776875000000       0.307153750000000      -0.313617259252345     
   1.52776875000000       0.612307500000000      -0.326478904903585     
   1.52776875000000       0.917461250000000      -0.337694644098062     
   1.52776875000000        1.22261500000000      -0.346322832360166     
   1.52776875000000        1.52776875000000      -0.351474182489755     
   1.52776875000000        1.83292250000000      -0.353055453532304     
   1.52776875000000        2.13807625000000      -0.351016238519018     
   1.52776875000000        2.44323000000000      -0.345652608440759     
   1.52776875000000        2.74838375000000      -0.337315600284357     
   1.52776875000000        3.05353750000000      -0.326181278344365     
   1.52776875000000        3.35869125000000      -0.312420828136184     
   1.52776875000000        3.66384500000000      -0.296622666950276     
   1.52776875000000        3.96899875000000      -0.279956601710547     
   1.52776875000000        4.27415250000000      -0.263793043650707     
   1.52776875000000        4.57930625000000      -0.249106274252956     
   1.52776875000000        4.88446000000000      -0.236147375713615     
   1.52776875000000        5.18961375000000      -0.224551119934534     
   1.52776875000000        5.49476750000000      -0.213768075255426     
   1.52776875000000        5.79992125000000      -0.203507189113903     
   1.52776875000000        6.10507500000000      -0.193844150812257     
   1.52776875000000        6.41022875000000      -0.184892093849067     
   1.52776875000000        6.71538250000000      -0.176769481783888     
   1.52776875000000        7.02053625000000      -0.169388664724612     
   1.52776875000000        7.32569000000000      -0.162422278690888     
   1.83292250000000       2.000000000000000E-003 -0.315816377372415     
   1.83292250000000       0.307153750000000      -0.333121299321140     
   1.83292250000000       0.612307500000000      -0.349789361517552     
   1.83292250000000       0.917461250000000      -0.365041722851558     
   1.83292250000000        1.22261500000000      -0.377161301634010     
   1.83292250000000        1.52776875000000      -0.384412975527520     
   1.83292250000000        1.83292250000000      -0.385744551304852     
   1.83292250000000        2.13807625000000      -0.381342236729569     
   1.83292250000000        2.44323000000000      -0.372438537538954     
   1.83292250000000        2.74838375000000      -0.360476660558261     
   1.83292250000000        3.05353750000000      -0.346359318865357     
   1.83292250000000        3.35869125000000      -0.330383328183622     
   1.83292250000000        3.66384500000000      -0.312795338555526     
   1.83292250000000        3.96899875000000      -0.294332508034095     
   1.83292250000000        4.27415250000000      -0.276206298637143     
   1.83292250000000        4.57930625000000      -0.259568316453120     
   1.83292250000000        4.88446000000000      -0.244930787955419     
   1.83292250000000        5.18961375000000      -0.232014653603846     
   1.83292250000000        5.49476750000000      -0.220131961083856     
   1.83292250000000        5.79992125000000      -0.208766749493159     
   1.83292250000000        6.10507500000000      -0.197884377646312     
   1.83292250000000        6.41022875000000      -0.187778881170301     
   1.83292250000000        6.71538250000000      -0.178700179702549     
   1.83292250000000        7.02053625000000      -0.170643302988230     
   1.83292250000000        7.32569000000000      -0.163340259858087     
   2.13807625000000       2.000000000000000E-003 -0.340580675609822     
   2.13807625000000       0.307153750000000      -0.361400478062178     
   2.13807625000000       0.612307500000000      -0.382052467491012     
   2.13807625000000       0.917461250000000      -0.401483793456914     
   2.13807625000000        1.22261500000000      -0.417032264280847     
   2.13807625000000        1.52776875000000      -0.425634481426685     
   2.13807625000000        1.83292250000000      -0.425416914883170     
   2.13807625000000        2.13807625000000      -0.416805352969996     
   2.13807625000000        2.44323000000000      -0.402240093263666     
   2.13807625000000        2.74838375000000      -0.384696986477209     
   2.13807625000000        3.05353750000000      -0.366173186010425     
   2.13807625000000        3.35869125000000      -0.347217859277557     
   2.13807625000000        3.66384500000000      -0.327638915834127     
   2.13807625000000        3.96899875000000      -0.307528882985570     
   2.13807625000000        4.27415250000000      -0.287694800967020     
   2.13807625000000        4.57930625000000      -0.269282497732340     
   2.13807625000000        4.88446000000000      -0.253026782907733     
   2.13807625000000        5.18961375000000      -0.238814084276325     
   2.13807625000000        5.49476750000000      -0.225920167075660     
   2.13807625000000        5.79992125000000      -0.213660623751601     
   2.13807625000000        6.10507500000000      -0.201878219717013     
   2.13807625000000        6.41022875000000      -0.190907971272782     
   2.13807625000000        6.71538250000000      -0.181144664763792     
   2.13807625000000        7.02053625000000      -0.172643367748842     
   2.13807625000000        7.32569000000000      -0.165079145336094     
   2.44323000000000       2.000000000000000E-003 -0.374636537839857     
   2.44323000000000       0.307153750000000      -0.399629376887868     
   2.44323000000000       0.612307500000000      -0.424616559477960     
   2.44323000000000       0.917461250000000      -0.447778108878612     
   2.44323000000000        1.22261500000000      -0.465764156803265     
   2.44323000000000        1.52776875000000      -0.474608917136441     
   2.44323000000000        1.83292250000000      -0.471534609114013     
   2.44323000000000        2.13807625000000      -0.457048528383417     
   2.44323000000000        2.44323000000000      -0.434883234548187     
   2.44323000000000        2.74838375000000      -0.409850542817697     
   2.44323000000000        3.05353750000000      -0.385388624554475     
   2.44323000000000        3.35869125000000      -0.362512945439201     
   2.44323000000000        3.66384500000000      -0.340595424151748     
   2.44323000000000        3.96899875000000      -0.318916332740679     
   2.44323000000000        4.27415250000000      -0.297646196265536     
   2.44323000000000        4.57930625000000      -0.277735502891802     
   2.44323000000000        4.88446000000000      -0.260058419124580     
   2.44323000000000        5.18961375000000      -0.244689898547167     
   2.44323000000000        5.49476750000000      -0.230943490667273     
   2.44323000000000        5.79992125000000      -0.218023466186911     
   2.44323000000000        6.10507500000000      -0.205653877471057     
   2.44323000000000        6.41022875000000      -0.194163951954528     
   2.44323000000000        6.71538250000000      -0.184034001104116     
   2.44323000000000        7.02053625000000      -0.175350588165251     
   2.44323000000000        7.32569000000000      -0.167656096056901     
   2.74838375000000       2.000000000000000E-003 -0.419855414725083     
   2.74838375000000       0.307153750000000      -0.449526334892279     
   2.74838375000000       0.612307500000000      -0.479393177683478     
   2.74838375000000       0.917461250000000      -0.504576181294531     
   2.74838375000000        1.22261500000000      -0.520954651151812     
   2.74838375000000        1.52776875000000      -0.527688035429439     
   2.74838375000000        1.83292250000000      -0.520444287754695     
   2.74838375000000        2.13807625000000      -0.499079619708532     
   2.74838375000000        2.44323000000000      -0.468287798328219     
   2.74838375000000        2.74838375000000      -0.434697894115446     
   2.74838375000000        3.05353750000000      -0.403347080869102     
   2.74838375000000        3.35869125000000      -0.375905797594849     
   2.74838375000000        3.66384500000000      -0.351381256495987     
   2.74838375000000        3.96899875000000      -0.328176139490257     
   2.74838375000000        4.27415250000000      -0.305706542760196     
   2.74838375000000        4.57930625000000      -0.284600497701281     
   2.74838375000000        4.88446000000000      -0.265772469017367     
   2.74838375000000        5.18961375000000      -0.249459936149131     
   2.74838375000000        5.49476750000000      -0.235053504650690     
   2.74838375000000        5.79992125000000      -0.221698905680155     
   2.74838375000000        6.10507500000000      -0.209028095316924     
   2.74838375000000        6.41022875000000      -0.197367725834101     
   2.74838375000000        6.71538250000000      -0.187267052758605     
   2.74838375000000        7.02053625000000      -0.178787401440896     
   2.74838375000000        7.32569000000000      -0.171226557831117     
   3.05353750000000       2.000000000000000E-003 -0.469452366277234     
   3.05353750000000       0.307153750000000      -0.503879924467458     
   3.05353750000000       0.612307500000000      -0.538235945701965     
   3.05353750000000       0.917461250000000      -0.566885515599845     
   3.05353750000000        1.22261500000000      -0.577077633852027     
   3.05353750000000        1.52776875000000      -0.577672223990723     
   3.05353750000000        1.83292250000000      -0.565237188380104     
   3.05353750000000        2.13807625000000      -0.537126473228485     
   3.05353750000000        2.44323000000000      -0.498205852013399     
   3.05353750000000        2.74838375000000      -0.456531984998715     
   3.05353750000000        3.05353750000000      -0.418598010575886     
   3.05353750000000        3.35869125000000      -0.386764365066588     
   3.05353750000000        3.66384500000000      -0.359752632246038     
   3.05353750000000        3.96899875000000      -0.335152218663141     
   3.05353750000000        4.27415250000000      -0.311692107482056     
   3.05353750000000        4.57930625000000      -0.289678755809254     
   3.05353750000000        4.88446000000000      -0.269996154261404     
   3.05353750000000        5.18961375000000      -0.252987598248762     
   3.05353750000000        5.49476750000000      -0.238121045883501     
   3.05353750000000        5.79992125000000      -0.224520238248840     
   3.05353750000000        6.10507500000000      -0.211761514802209     
   3.05353750000000        6.41022875000000      -0.200180208626624     
   3.05353750000000        6.71538250000000      -0.190282913062684     
   3.05353750000000        7.02053625000000      -0.182227064252069     
   3.05353750000000        7.32569000000000      -0.175054587737021     
   3.35869125000000       2.000000000000000E-003 -0.503052189249155     
   3.35869125000000       0.307153750000000      -0.543974401371476     
   3.35869125000000       0.612307500000000      -0.584478806234406     
   3.35869125000000       0.917461250000000      -0.616076270481933     
   3.35869125000000        1.22261500000000      -0.622982301743929     
   3.35869125000000        1.52776875000000      -0.614517022644832     
   3.35869125000000        1.83292250000000      -0.597209797345555     
   3.35869125000000        2.13807625000000      -0.564016113552787     
   3.35869125000000        2.44323000000000      -0.519233244780767     
   3.35869125000000        2.74838375000000      -0.471749565294347     
   3.35869125000000        3.05353750000000      -0.429072470265080     
   3.35869125000000        3.35869125000000      -0.394081546139221     
   3.35869125000000        3.66384500000000      -0.365276666910393     
   3.35869125000000        3.96899875000000      -0.339627999333805     
   3.35869125000000        4.27415250000000      -0.315436149784325     
   3.35869125000000        4.57930625000000      -0.292813679711341     
   3.35869125000000        4.88446000000000      -0.272591846723262     
   3.35869125000000        5.18961375000000      -0.255157944305198     
   3.35869125000000        5.49476750000000      -0.240026329251169     
   3.35869125000000        5.79992125000000      -0.226313934352341     
   3.35869125000000        6.10507500000000      -0.213565046816843     
   3.35869125000000        6.41022875000000      -0.202082902441502     
   3.35869125000000        6.71538250000000      -0.192203837616477     
   3.35869125000000        7.02053625000000      -0.184294343265218     
   3.35869125000000        7.32569000000000      -0.177423447693141     
   3.66384500000000       2.000000000000000E-003 -0.504358334627521     
   3.66384500000000       0.307153750000000      -0.555135902602805     
   3.66384500000000       0.612307500000000      -0.601285824383918     
   3.66384500000000       0.917461250000000      -0.634717999104946     
   3.66384500000000        1.22261500000000      -0.640870234311846     
   3.66384500000000        1.52776875000000      -0.628230922298743     
   3.66384500000000        1.83292250000000      -0.608838451645761     
   3.66384500000000        2.13807625000000      -0.573737453624790     
   3.66384500000000        2.44323000000000      -0.526816416884759     
   3.66384500000000        2.74838375000000      -0.477222212431617     
   3.66384500000000        3.05353750000000      -0.432826410117118     
   3.66384500000000        3.35869125000000      -0.396703521683353     
   3.66384500000000        3.66384500000000      -0.367256370480694     
   3.66384500000000        3.96899875000000      -0.341201871560417     
   3.66384500000000        4.27415250000000      -0.316720432403109     
   3.66384500000000        4.57930625000000      -0.293874382526020     
   3.66384500000000        4.88446000000000      -0.273467068366121     
   3.66384500000000        5.18961375000000      -0.255893066820029     
   3.66384500000000        5.49476750000000      -0.240679420762568     
   3.66384500000000        5.79992125000000      -0.226941767452678     
   3.66384500000000        6.10507500000000      -0.214217538565810     
   3.66384500000000        6.41022875000000      -0.202771320412101     
   3.66384500000000        6.71538250000000      -0.192812678457288     
   3.66384500000000        7.02053625000000      -0.184827904400854     
   3.66384500000000        7.32569000000000      -0.178850734375851     
   3.96899875000000       2.000000000000000E-003 -0.503052493160641     
   3.96899875000000       0.307153750000000      -0.543466443911212     
   3.96899875000000       0.612307500000000      -0.583984240373414     
   3.96899875000000       0.917461250000000      -0.615740083011402     
   3.96899875000000        1.22261500000000      -0.622777981565669     
   3.96899875000000        1.52776875000000      -0.614385638640232     
   3.96899875000000        1.83292250000000      -0.597115944006451     
   3.96899875000000        2.13807625000000      -0.563948317429261     
   3.96899875000000        2.44323000000000      -0.519184749326262     
   3.96899875000000        2.74838375000000      -0.471714300369080     
   3.96899875000000        3.05353750000000      -0.429045285806297     
   3.96899875000000        3.35869125000000      -0.394058983028907     
   3.96899875000000        3.66384500000000      -0.365257215403537     
   3.96899875000000        3.96899875000000      -0.339611749321104     
   3.96899875000000        4.27415250000000      -0.315424035475523     
   3.96899875000000        4.57930625000000      -0.292806965962940     
   3.96899875000000        4.88446000000000      -0.272591870451934     
   3.96899875000000        5.18961375000000      -0.255166152612064     
   3.96899875000000        5.49476750000000      -0.240044646498741     
   3.96899875000000        5.79992125000000      -0.226346301303056     
   3.96899875000000        6.10507500000000      -0.213623040542889     
   3.96899875000000        6.41022875000000      -0.202186853772420     
   3.96899875000000        6.71538250000000      -0.192367823802146     
   3.96899875000000        7.02053625000000      -0.184484061981981     
   3.96899875000000        7.32569000000000      -0.177509997495153     
   4.27415250000000       2.000000000000000E-003 -0.469467268430156     
   4.27415250000000       0.307153750000000      -0.503408471063442     
   4.27415250000000       0.612307500000000      -0.537662073937504     
   4.27415250000000       0.917461250000000      -0.566434586466918     
   4.27415250000000        1.22261500000000      -0.576776561591973     
   4.27415250000000        1.52776875000000      -0.577458173157538     
   4.27415250000000        1.83292250000000      -0.565077758574959     
   4.27415250000000        2.13807625000000      -0.537008007390054     
   4.27415250000000        2.44323000000000      -0.498118218457363     
   4.27415250000000        2.74838375000000      -0.456465507730170     
   4.27415250000000        3.05353750000000      -0.418544686952254     
   4.27415250000000        3.35869125000000      -0.386719208931631     
   4.27415250000000        3.66384500000000      -0.359713857713430     
   4.27415250000000        3.96899875000000      -0.335120248992825     
   4.27415250000000        4.27415250000000      -0.311668352252971     
   4.27415250000000        4.57930625000000      -0.289664911230274     
   4.27415250000000        4.88446000000000      -0.269994040566629     
   4.27415250000000        5.18961375000000      -0.252999313537953     
   4.27415250000000        5.49476750000000      -0.238149467951346     
   4.27415250000000        5.79992125000000      -0.224570438501765     
   4.27415250000000        6.10507500000000      -0.211845583796096     
   4.27415250000000        6.41022875000000      -0.200322077587112     
   4.27415250000000        6.71538250000000      -0.190488064151618     
   4.27415250000000        7.02053625000000      -0.182449620578441     
   4.27415250000000        7.32569000000000      -0.175194872768656     
   4.57930625000000       2.000000000000000E-003 -0.419885025368086     
   4.57930625000000       0.307153750000000      -0.449236559765347     
   4.57930625000000       0.612307500000000      -0.478974076388324     
   4.57930625000000       0.917461250000000      -0.504200607307942     
   4.57930625000000        1.22261500000000      -0.520658805794926     
   4.57930625000000        1.52776875000000      -0.527453787564237     
   4.57930625000000        1.83292250000000      -0.520259747896163     
   4.57930625000000        2.13807625000000      -0.498935506135268     
   4.57930625000000        2.44323000000000      -0.468174223208957     
   4.57930625000000        2.74838375000000      -0.434605247601109     
   4.57930625000000        3.05353750000000      -0.403268261954958     
   4.57930625000000        3.35869125000000      -0.375837489171733     
   4.57930625000000        3.66384500000000      -0.351323226738560     
   4.57930625000000        3.96899875000000      -0.328129497803224     
   4.57930625000000        4.27415250000000      -0.305672309296985     
   4.57930625000000        4.57930625000000      -0.284579366059572     
   4.57930625000000        4.88446000000000      -0.265765329492610     
   4.57930625000000        5.18961375000000      -0.249468482525329     
   4.57930625000000        5.49476750000000      -0.235080514752585     
   4.57930625000000        5.79992125000000      -0.221748449560338     
   4.57930625000000        6.10507500000000      -0.209106843102073     
   4.57930625000000        6.41022875000000      -0.197486780269528     
   4.57930625000000        6.71538250000000      -0.187427142458430     
   4.57930625000000        7.02053625000000      -0.178951860137016     
   4.57930625000000        7.32569000000000      -0.171339835793812     
   4.88446000000000       2.000000000000000E-003 -0.374664406038553     
   4.88446000000000       0.307153750000000      -0.399479548287116     
   4.88446000000000       0.612307500000000      -0.424370862706412     
   4.88446000000000       0.917461250000000      -0.447516473544975     
   4.88446000000000        1.22261500000000      -0.465523496825901     
   4.88446000000000        1.52776875000000      -0.474400470403827     
   4.88446000000000        1.83292250000000      -0.471358618176236     
   4.88446000000000        2.13807625000000      -0.456899526015347     
   4.88446000000000        2.44323000000000      -0.434753554339237     
   4.88446000000000        2.74838375000000      -0.409733939109157     
   4.88446000000000        3.05353750000000      -0.385282852541165     
   4.88446000000000        3.35869125000000      -0.362419727671634     
   4.88446000000000        3.66384500000000      -0.340517973913728     
   4.88446000000000        3.96899875000000      -0.318856598575371     
   4.88446000000000        4.27415250000000      -0.297603651521017     
   4.88446000000000        4.57930625000000      -0.277708096727870     
   4.88446000000000        4.88446000000000      -0.260044689056253     
   4.88446000000000        5.18961375000000      -0.244690232500613     
   4.88446000000000        5.49476750000000      -0.230960163621767     
   4.88446000000000        5.79992125000000      -0.218059562410365     
   4.88446000000000        6.10507500000000      -0.205712120659757     
   4.88446000000000        6.41022875000000      -0.194245342024431     
   4.88446000000000        6.71538250000000      -0.184133654947197     
   4.88446000000000        7.02053625000000      -0.175450690488340     
   4.88446000000000        7.32569000000000      -0.167730365739800     
   5.18961375000000       2.000000000000000E-003 -0.340589886104312     
   5.18961375000000       0.307153750000000      -0.361318647018167     
   5.18961375000000       0.612307500000000      -0.381907132043603     
   5.18961375000000       0.917461250000000      -0.401311588249694     
   5.18961375000000        1.22261500000000      -0.416859127664434     
   5.18961375000000        1.52776875000000      -0.425471968645108     
   5.18961375000000        1.83292250000000      -0.425265698481904     
   5.18961375000000        2.13807625000000      -0.416660369712387     
   5.18961375000000        2.44323000000000      -0.402096222194990     
   5.18961375000000        2.74838375000000      -0.384553731152813     
   5.18961375000000        3.05353750000000      -0.366036325942598     
   5.18961375000000        3.35869125000000      -0.347096893584550     
   5.18961375000000        3.66384500000000      -0.327541997596856     
   5.18961375000000        3.96899875000000      -0.307458496340868     
   5.18961375000000        4.27415250000000      -0.287647348473854     
   5.18961375000000        4.57930625000000      -0.269251563732102     
   5.18961375000000        4.88446000000000      -0.253007387921031     
   5.18961375000000        5.18961375000000      -0.238805009717323     
   5.18961375000000        5.49476750000000      -0.225923541374449     
   5.18961375000000        5.79992125000000      -0.213679575410494     
   5.18961375000000        6.10507500000000      -0.201914559163207     
   5.18961375000000        6.41022875000000      -0.190960650173990     
   5.18961375000000        6.71538250000000      -0.181208827683309     
   5.18961375000000        7.02053625000000      -0.172709950883293     
   5.18961375000000        7.32569000000000      -0.165137675310011     
   5.49476750000000       2.000000000000000E-003 -0.315795214059031     
   5.49476750000000       0.307153750000000      -0.333057813085819     
   5.49476750000000       0.612307500000000      -0.349696594056545     
   5.49476750000000       0.917461250000000      -0.364933628196447     
   5.49476750000000        1.22261500000000      -0.377047508602497     
   5.49476750000000        1.52776875000000      -0.384295213166721     
   5.49476750000000        1.83292250000000      -0.385617471903269     
   5.49476750000000        2.13807625000000      -0.381198453678671     
   5.49476750000000        2.44323000000000      -0.372275094878988     
   5.49476750000000        2.74838375000000      -0.360299791305698     
   5.49476750000000        3.05353750000000      -0.346184751043628     
   5.49476750000000        3.35869125000000      -0.330230781128101     
   5.49476750000000        3.66384500000000      -0.312679253808201     
   5.49476750000000        3.96899875000000      -0.294255281293190     
   5.49476750000000        4.27415250000000      -0.276159020654339     
   5.49476750000000        4.57930625000000      -0.259538298945841     
   5.49476750000000        4.88446000000000      -0.244909031767862     
   5.49476750000000        5.18961375000000      -0.231998825551466     
   5.49476750000000        5.49476750000000      -0.220124874009018     
   5.49476750000000        5.79992125000000      -0.208772627908674     
   5.49476750000000        6.10507500000000      -0.197905709363381     
   5.49476750000000        6.41022875000000      -0.187815683198651     
   5.49476750000000        6.71538250000000      -0.178751531281704     
   5.49476750000000        7.02053625000000      -0.170707671929421     
   5.49476750000000        7.32569000000000      -0.163411906283014     
   5.79992125000000       2.000000000000000E-003 -0.299113884567777     
   5.79992125000000       0.307153750000000      -0.313531891485707     
   5.79992125000000       0.612307500000000      -0.326399057182859     
   5.79992125000000       0.917461250000000      -0.337624924892297     
   5.79992125000000        1.22261500000000      -0.346253588705732     
   5.79992125000000        1.52776875000000      -0.351390151561517     
   5.79992125000000        1.83292250000000      -0.352943281918555     
   5.79992125000000        2.13807625000000      -0.350865115239087     
   5.79992125000000        2.44323000000000      -0.345460692408214     
   5.79992125000000        2.74838375000000      -0.337094995263484     
   5.79992125000000        3.05353750000000      -0.325958564673215     
   5.79992125000000        3.35869125000000      -0.312229831313953     
   5.79992125000000        3.66384500000000      -0.296488203455587     
   5.79992125000000        3.96899875000000      -0.279879516193771     
   5.79992125000000        4.27415250000000      -0.263753966270581     
   5.79992125000000        4.57930625000000      -0.249083107672456     
   5.79992125000000        4.88446000000000      -0.236127526032049     
   5.79992125000000        5.18961375000000      -0.224533001037605     
   5.79992125000000        5.49476750000000      -0.213756722752847     
   5.79992125000000        5.79992125000000      -0.203508362340782     
   5.79992125000000        6.10507500000000      -0.193860646014604     
   5.79992125000000        6.41022875000000      -0.184928781726581     
   5.79992125000000        6.71538250000000      -0.176835538197470     
   5.79992125000000        7.02053625000000      -0.169490618132421     
   5.79992125000000        7.32569000000000      -0.162549733914692     
   6.10507500000000       2.000000000000000E-003 -0.289431512358601     
   6.10507500000000       0.307153750000000      -0.300866223733724     
   6.10507500000000       0.612307500000000      -0.309527058368102     
   6.10507500000000       0.917461250000000      -0.316886328658243     
   6.10507500000000        1.22261500000000      -0.322371512779311     
   6.10507500000000        1.52776875000000      -0.325269564119967     
   6.10507500000000        1.83292250000000      -0.325860273074396     
   6.10507500000000        2.13807625000000      -0.324553567315335     
   6.10507500000000        2.44323000000000      -0.320984326796642     
   6.10507500000000        2.74838375000000      -0.314840692137251     
   6.10507500000000        3.05353750000000      -0.305838563093644     
   6.10507500000000        3.35869125000000      -0.293958462267032     
   6.10507500000000        3.66384500000000      -0.279931050624602     
   6.10507500000000        3.96899875000000      -0.265258584076125     
   6.10507500000000        4.27415250000000      -0.251263465946932     
   6.10507500000000        4.57930625000000      -0.238556545069624     
   6.10507500000000        4.88446000000000      -0.227142968947479     
   6.10507500000000        5.18961375000000      -0.216731317804928     
   6.10507500000000        5.49476750000000      -0.207038687592919     
   6.10507500000000        5.79992125000000      -0.198048622171126     
   6.10507500000000        6.10507500000000      -0.189729714245398     
   6.10507500000000        6.41022875000000      -0.182060363059293     
   6.10507500000000        6.71538250000000      -0.175114279839072     
   6.10507500000000        7.02053625000000      -0.168705432532467     
   6.10507500000000        7.32569000000000      -0.162243298315306     
   6.41022875000000       2.000000000000000E-003 -0.285651420243635     
   6.41022875000000       0.307153750000000      -0.292180011892593     
   6.41022875000000       0.612307500000000      -0.295398224081906     
   6.41022875000000       0.917461250000000      -0.299482633032339     
   6.41022875000000        1.22261500000000      -0.302371689310051     
   6.41022875000000        1.52776875000000      -0.303195677268357     
   6.41022875000000        1.83292250000000      -0.302469727401527     
   6.41022875000000        2.13807625000000      -0.301001390837684     
   6.41022875000000        2.44323000000000      -0.298375355216261     
   6.41022875000000        2.74838375000000      -0.293975271978510     
   6.41022875000000        3.05353750000000      -0.286860009615986     
   6.41022875000000        3.35869125000000      -0.276290441728202     
   6.41022875000000        3.66384500000000      -0.263636332911829     
   6.41022875000000        3.96899875000000      -0.251197652734761     
   6.41022875000000        4.27415250000000      -0.239619806881345     
   6.41022875000000        4.57930625000000      -0.228695537002032     
   6.41022875000000        4.88446000000000      -0.218455173718283     
   6.41022875000000        5.18961375000000      -0.208911203256637     
   6.41022875000000        5.49476750000000      -0.200155504737119     
   6.41022875000000        5.79992125000000      -0.192339705524778     
   6.41022875000000        6.10507500000000      -0.185281055018222     
   6.41022875000000        6.41022875000000      -0.178862691509493     
   6.41022875000000        6.71538250000000      -0.173093125282761     
   6.41022875000000        7.02053625000000      -0.167890876439048     
   6.41022875000000        7.32569000000000      -0.162205286846728     
   6.71538250000000       2.000000000000000E-003 -0.284168830492155     
   6.71538250000000       0.307153750000000      -0.281291544330442     
   6.71538250000000       0.612307500000000      -0.280125068102255     
   6.71538250000000       0.917461250000000      -0.283473954178408     
   6.71538250000000        1.22261500000000      -0.284435392903414     
   6.71538250000000        1.52776875000000      -0.283252394063686     
   6.71538250000000        1.83292250000000      -0.281301039237176     
   6.71538250000000        2.13807625000000      -0.279510875149375     
   6.71538250000000        2.44323000000000      -0.277705873415545     
   6.71538250000000        2.74838375000000      -0.275211413595650     
   6.71538250000000        3.05353750000000      -0.270002765756043     
   6.71538250000000        3.35869125000000      -0.260607593453082     
   6.71538250000000        3.66384500000000      -0.249139553354077     
   6.71538250000000        3.96899875000000      -0.239496944515247     
   6.71538250000000        4.27415250000000      -0.230448728696716     
   6.71538250000000        4.57930625000000      -0.220446976168495     
   6.71538250000000        4.88446000000000      -0.210468297950384     
   6.71538250000000        5.18961375000000      -0.201283672997458     
   6.71538250000000        5.49476750000000      -0.193191731273839     
   6.71538250000000        5.79992125000000      -0.186362940352809     
   6.71538250000000        6.10507500000000      -0.180519729818086     
   6.71538250000000        6.41022875000000      -0.175320149657902     
   6.71538250000000        6.71538250000000      -0.170442024660506     
   6.71538250000000        7.02053625000000      -0.166347263434338     
   6.71538250000000        7.32569000000000      -0.162064384154117     
   7.02053625000000       2.000000000000000E-003 -0.272058762974793     
   7.02053625000000       0.307153750000000      -0.264205716843484     
   7.02053625000000       0.612307500000000      -0.267510588744997     
   7.02053625000000       0.917461250000000      -0.269965978348740     
   7.02053625000000        1.22261500000000      -0.267994253612010     
   7.02053625000000        1.52776875000000      -0.264708347227236     
   7.02053625000000        1.83292250000000      -0.261774026107107     
   7.02053625000000        2.13807625000000      -0.259930604761977     
   7.02053625000000        2.44323000000000      -0.259106726198633     
   7.02053625000000        2.74838375000000      -0.258646569710512     
   7.02053625000000        3.05353750000000      -0.256374904519783     
   7.02053625000000        3.35869125000000      -0.249543763613452     
   7.02053625000000        3.66384500000000      -0.239769230455657     
   7.02053625000000        3.96899875000000      -0.232839251179839     
   7.02053625000000        4.27415250000000      -0.224851664751102     
   7.02053625000000        4.57930625000000      -0.214106666406460     
   7.02053625000000        4.88446000000000      -0.203224802305416     
   7.02053625000000        5.18961375000000      -0.193853317543918     
   7.02053625000000        5.49476750000000      -0.186190969383291     
   7.02053625000000        5.79992125000000      -0.180241359631579     
   7.02053625000000        6.10507500000000      -0.175643771830961     
   7.02053625000000        6.41022875000000      -0.171991124693838     
   7.02053625000000        6.71538250000000      -0.168335405439446     
   7.02053625000000        7.02053625000000      -0.164111486320416     
   7.02053625000000        7.32569000000000      -0.161115687157308     
   7.32569000000000       2.000000000000000E-003 -0.248902735188508     
   7.32569000000000       0.307153750000000      -0.261408737686981     
   7.32569000000000       0.612307500000000      -0.262482528267084     
   7.32569000000000       0.917461250000000      -0.257413600716548     
   7.32569000000000        1.22261500000000      -0.251828039371464     
   7.32569000000000        1.52776875000000      -0.247208911586928     
   7.32569000000000        1.83292250000000      -0.243922195690097     
   7.32569000000000        2.13807625000000      -0.242271345731212     
   7.32569000000000        2.44323000000000      -0.242157481535384     
   7.32569000000000        2.74838375000000      -0.243296496694088     
   7.32569000000000        3.05353750000000      -0.243885240054163     
   7.32569000000000        3.35869125000000      -0.240404827918308     
   7.32569000000000        3.66384500000000      -0.233334432195634     
   7.32569000000000        3.96899875000000      -0.227588983588472     
   7.32569000000000        4.27415250000000      -0.219260104420709     
   7.32569000000000        4.57930625000000      -0.207395933415366     
   7.32569000000000        4.88446000000000      -0.195835910195023     
   7.32569000000000        5.18961375000000      -0.186398289401616     
   7.32569000000000        5.49476750000000      -0.179225726225600     
   7.32569000000000        5.79992125000000      -0.174066014721185     
   7.32569000000000        6.10507500000000      -0.170563704691847     
   7.32569000000000        6.41022875000000      -0.168537522735489     
   7.32569000000000        6.71538250000000      -0.167331214058886     
   7.32569000000000        7.02053625000000      -0.163829223485901     
   7.32569000000000        7.32569000000000      -0.156836765607648     
