  2.000000000000000E-003  2.000000000000000E-003 -0.587747091456385     
  2.000000000000000E-003  0.307153750000000      -0.601394838381343     
  2.000000000000000E-003  0.612307500000000      -0.555999956486879     
  2.000000000000000E-003  0.917461250000000      -0.482758299168526     
  2.000000000000000E-003   1.22261500000000      -0.421594103954814     
  2.000000000000000E-003   1.52776875000000      -0.375541880601568     
  2.000000000000000E-003   1.83292250000000      -0.340728719215538     
  2.000000000000000E-003   2.13807625000000      -0.314017766547229     
  2.000000000000000E-003   2.44323000000000      -0.293665105832412     
  2.000000000000000E-003   2.74838375000000      -0.278532319197399     
  2.000000000000000E-003   3.05353750000000      -0.266218724415311     
  2.000000000000000E-003   3.35869125000000      -0.252728327180998     
  2.000000000000000E-003   3.66384500000000      -0.238739153375158     
  2.000000000000000E-003   3.96899875000000      -0.223389032554648     
  2.000000000000000E-003   4.27415250000000      -0.208543872312369     
  2.000000000000000E-003   4.57930625000000      -0.194133349316763     
  2.000000000000000E-003   4.88446000000000      -0.181499034259496     
  2.000000000000000E-003   5.18961375000000      -0.171113476895534     
  2.000000000000000E-003   5.49476750000000      -0.162798486094009     
  2.000000000000000E-003   5.79992125000000      -0.155998783963261     
  2.000000000000000E-003   6.10507500000000      -0.150130749481362     
  2.000000000000000E-003   6.41022875000000      -0.144931238842477     
  2.000000000000000E-003   6.71538250000000      -0.140534954280675     
  2.000000000000000E-003   7.02053625000000      -0.137688075897067     
  2.000000000000000E-003   7.32569000000000      -0.134876418255535     
  0.307153750000000       2.000000000000000E-003 -0.674770548982664     
  0.307153750000000       0.307153750000000      -0.601591441707714     
  0.307153750000000       0.612307500000000      -0.559777248928641     
  0.307153750000000       0.917461250000000      -0.506507577041334     
  0.307153750000000        1.22261500000000      -0.450023302967873     
  0.307153750000000        1.52776875000000      -0.401788311045982     
  0.307153750000000        1.83292250000000      -0.363001626383162     
  0.307153750000000        2.13807625000000      -0.332198419521224     
  0.307153750000000        2.44323000000000      -0.308387161115709     
  0.307153750000000        2.74838375000000      -0.290092213663819     
  0.307153750000000        3.05353750000000      -0.274708053532631     
  0.307153750000000        3.35869125000000      -0.258697550482018     
  0.307153750000000        3.66384500000000      -0.241407539222189     
  0.307153750000000        3.96899875000000      -0.225565731833589     
  0.307153750000000        4.27415250000000      -0.210775887647538     
  0.307153750000000        4.57930625000000      -0.196745716214309     
  0.307153750000000        4.88446000000000      -0.184229946279815     
  0.307153750000000        5.18961375000000      -0.173706454385625     
  0.307153750000000        5.49476750000000      -0.165111228128275     
  0.307153750000000        5.79992125000000      -0.158016419962696     
  0.307153750000000        6.10507500000000      -0.151913753123831     
  0.307153750000000        6.41022875000000      -0.146656435421939     
  0.307153750000000        6.71538250000000      -0.142585429916896     
  0.307153750000000        7.02053625000000      -0.139810473100704     
  0.307153750000000        7.32569000000000      -0.134437193186714     
  0.612307500000000       2.000000000000000E-003 -0.718182145886201     
  0.612307500000000       0.307153750000000      -0.658952210837630     
  0.612307500000000       0.612307500000000      -0.585976586819245     
  0.612307500000000       0.917461250000000      -0.527862503620402     
  0.612307500000000        1.22261500000000      -0.472466157657588     
  0.612307500000000        1.52776875000000      -0.422885299694950     
  0.612307500000000        1.83292250000000      -0.381269005216354     
  0.612307500000000        2.13807625000000      -0.347540240204226     
  0.612307500000000        2.44323000000000      -0.320620876022946     
  0.612307500000000        2.74838375000000      -0.298892188877135     
  0.612307500000000        3.05353750000000      -0.280107818786208     
  0.612307500000000        3.35869125000000      -0.261719453356601     
  0.612307500000000        3.66384500000000      -0.243185729597560     
  0.612307500000000        3.96899875000000      -0.226301352629767     
  0.612307500000000        4.27415250000000      -0.211406931232811     
  0.612307500000000        4.57930625000000      -0.198012166674473     
  0.612307500000000        4.88446000000000      -0.186096722234795     
  0.612307500000000        5.18961375000000      -0.175835441512870     
  0.612307500000000        5.49476750000000      -0.167145564859566     
  0.612307500000000        5.79992125000000      -0.159832567984021     
  0.612307500000000        6.10507500000000      -0.153580603897500     
  0.612307500000000        6.41022875000000      -0.148294966957353     
  0.612307500000000        6.71538250000000      -0.143923426538849     
  0.612307500000000        7.02053625000000      -0.139261774209018     
  0.612307500000000        7.32569000000000      -0.133196071659947     
  0.917461250000000       2.000000000000000E-003 -0.744175941499956     
  0.917461250000000       0.307153750000000      -0.705382787107596     
  0.917461250000000       0.612307500000000      -0.629803239267202     
  0.917461250000000       0.917461250000000      -0.557308275803439     
  0.917461250000000        1.22261500000000      -0.493915724808764     
  0.917461250000000        1.52776875000000      -0.439829863056362     
  0.917461250000000        1.83292250000000      -0.395191907990007     
  0.917461250000000        2.13807625000000      -0.359285748828164     
  0.917461250000000        2.44323000000000      -0.329816613868725     
  0.917461250000000        2.74838375000000      -0.305022848890987     
  0.917461250000000        3.05353750000000      -0.283436802633242     
  0.917461250000000        3.35869125000000      -0.263312102785754     
  0.917461250000000        3.66384500000000      -0.244215527475320     
  0.917461250000000        3.96899875000000      -0.226963169963382     
  0.917461250000000        4.27415250000000      -0.212000135269010     
  0.917461250000000        4.57930625000000      -0.199048735883764     
  0.917461250000000        4.88446000000000      -0.187634736078797     
  0.917461250000000        5.18961375000000      -0.177587227733711     
  0.917461250000000        5.49476750000000      -0.168834389293452     
  0.917461250000000        5.79992125000000      -0.161271138662597     
  0.917461250000000        6.10507500000000      -0.154713522456163     
  0.917461250000000        6.41022875000000      -0.148986337331432     
  0.917461250000000        6.71538250000000      -0.143787909073568     
  0.917461250000000        7.02053625000000      -0.138430540326002     
  0.917461250000000        7.32569000000000      -0.132992280486723     
   1.22261500000000       2.000000000000000E-003 -0.748312706003808     
   1.22261500000000       0.307153750000000      -0.720692959967952     
   1.22261500000000       0.612307500000000      -0.654715426697910     
   1.22261500000000       0.917461250000000      -0.579783637691250     
   1.22261500000000        1.22261500000000      -0.510673206034980     
   1.22261500000000        1.52776875000000      -0.452148109825018     
   1.22261500000000        1.83292250000000      -0.405048459304273     
   1.22261500000000        2.13807625000000      -0.367193550840576     
   1.22261500000000        2.44323000000000      -0.335698076484132     
   1.22261500000000        2.74838375000000      -0.308760616092653     
   1.22261500000000        3.05353750000000      -0.285168101821088     
   1.22261500000000        3.35869125000000      -0.264002840167314     
   1.22261500000000        3.66384500000000      -0.244752937295411     
   1.22261500000000        3.96899875000000      -0.227649802291160     
   1.22261500000000        4.27415250000000      -0.212905488078373     
   1.22261500000000        4.57930625000000      -0.200155541649225     
   1.22261500000000        4.88446000000000      -0.188937599409267     
   1.22261500000000        5.18961375000000      -0.178974622668933     
   1.22261500000000        5.49476750000000      -0.170115546925598     
   1.22261500000000        5.79992125000000      -0.162257318109504     
   1.22261500000000        6.10507500000000      -0.155286223191880     
   1.22261500000000        6.41022875000000      -0.149036032724651     
   1.22261500000000        6.71538250000000      -0.143284058248162     
   1.22261500000000        7.02053625000000      -0.137790428177279     
   1.22261500000000        7.32569000000000      -0.132652305788091     
   1.52776875000000       2.000000000000000E-003 -0.735831756577130     
   1.52776875000000       0.307153750000000      -0.713992324060120     
   1.52776875000000       0.612307500000000      -0.658187318050202     
   1.52776875000000       0.917461250000000      -0.587486209363626     
   1.52776875000000        1.22261500000000      -0.518107880379815     
   1.52776875000000        1.52776875000000      -0.458570229826309     
   1.52776875000000        1.83292250000000      -0.410483334852475     
   1.52776875000000        2.13807625000000      -0.371005797020546     
   1.52776875000000        2.44323000000000      -0.338039936586412     
   1.52776875000000        2.74838375000000      -0.309939755196841     
   1.52776875000000        3.05353750000000      -0.285484603922820     
   1.52776875000000        3.35869125000000      -0.263888937335212     
   1.52776875000000        3.66384500000000      -0.244773201713373     
   1.52776875000000        3.96899875000000      -0.228032042396025     
   1.52776875000000        4.27415250000000      -0.213537416355034     
   1.52776875000000        4.57930625000000      -0.200955182652805     
   1.52776875000000        4.88446000000000      -0.189863430611523     
   1.52776875000000        5.18961375000000      -0.179924333837857     
   1.52776875000000        5.49476750000000      -0.170939532500743     
   1.52776875000000        5.79992125000000      -0.162807797767336     
   1.52776875000000        6.10507500000000      -0.155446961520844     
   1.52776875000000        6.41022875000000      -0.148770512556432     
   1.52776875000000        6.71538250000000      -0.142677908731204     
   1.52776875000000        7.02053625000000      -0.137093319818951     
   1.52776875000000        7.32569000000000      -0.132037962540032     
   1.83292250000000       2.000000000000000E-003 -0.710015569292709     
   1.83292250000000       0.307153750000000      -0.691943316936885     
   1.83292250000000       0.612307500000000      -0.643073471301955     
   1.83292250000000       0.917461250000000      -0.579063493317325     
   1.83292250000000        1.22261500000000      -0.515522183463945     
   1.83292250000000        1.52776875000000      -0.458958895296936     
   1.83292250000000        1.83292250000000      -0.410694933995369     
   1.83292250000000        2.13807625000000      -0.370326316899571     
   1.83292250000000        2.44323000000000      -0.336677059718235     
   1.83292250000000        2.74838375000000      -0.308310820283630     
   1.83292250000000        3.05353750000000      -0.283937098908470     
   1.83292250000000        3.35869125000000      -0.262657174785390     
   1.83292250000000        3.66384500000000      -0.243986155255434     
   1.83292250000000        3.96899875000000      -0.227685212530458     
   1.83292250000000        4.27415250000000      -0.213529321246041     
   1.83292250000000        4.57930625000000      -0.201180008633332     
   1.83292250000000        4.88446000000000      -0.190230946165742     
   1.83292250000000        5.18961375000000      -0.180332330155610     
   1.83292250000000        5.49476750000000      -0.171269485123643     
   1.83292250000000        5.79992125000000      -0.162950485596780     
   1.83292250000000        6.10507500000000      -0.155338005274148     
   1.83292250000000        6.41022875000000      -0.148392294093111     
   1.83292250000000        6.71538250000000      -0.142077882880384     
   1.83292250000000        7.02053625000000      -0.136397495353897     
   1.83292250000000        7.32569000000000      -0.131360492786050     
   2.13807625000000       2.000000000000000E-003 -0.676578640252401     
   2.13807625000000       0.307153750000000      -0.660820277195080     
   2.13807625000000       0.612307500000000      -0.619315556954095     
   2.13807625000000       0.917461250000000      -0.564278571690262     
   2.13807625000000        1.22261500000000      -0.506459138386793     
   2.13807625000000        1.52776875000000      -0.452330815707148     
   2.13807625000000        1.83292250000000      -0.404881451066976     
   2.13807625000000        2.13807625000000      -0.364854822646656     
   2.13807625000000        2.44323000000000      -0.331630224177355     
   2.13807625000000        2.74838375000000      -0.303920887343966     
   2.13807625000000        3.05353750000000      -0.280370422697973     
   2.13807625000000        3.35869125000000      -0.259946985813103     
   2.13807625000000        3.66384500000000      -0.242048764002553     
   2.13807625000000        3.96899875000000      -0.226366870672299     
   2.13807625000000        4.27415250000000      -0.212663135263746     
   2.13807625000000        4.57930625000000      -0.200628813633448     
   2.13807625000000        4.88446000000000      -0.189891651426856     
   2.13807625000000        5.18961375000000      -0.180115833722755     
   2.13807625000000        5.49476750000000      -0.171089238776815     
   2.13807625000000        5.79992125000000      -0.162732098881464     
   2.13807625000000        6.10507500000000      -0.155038932602551     
   2.13807625000000        6.41022875000000      -0.148013899200558     
   2.13807625000000        6.71538250000000      -0.141650358498162     
   2.13807625000000        7.02053625000000      -0.135952675742043     
   2.13807625000000        7.32569000000000      -0.130939295541150     
   2.44323000000000       2.000000000000000E-003 -0.663600290616771     
   2.44323000000000       0.307153750000000      -0.646188879472905     
   2.44323000000000       0.612307500000000      -0.601385316451519     
   2.44323000000000       0.917461250000000      -0.545891129947390     
   2.44323000000000        1.22261500000000      -0.489885998573488     
   2.44323000000000        1.52776875000000      -0.438158866377776     
   2.44323000000000        1.83292250000000      -0.392924181337098     
   2.44323000000000        2.13807625000000      -0.354807706652162     
   2.44323000000000        2.44323000000000      -0.323274415499761     
   2.44323000000000        2.74838375000000      -0.297110215764034     
   2.44323000000000        3.05353750000000      -0.274964409990332     
   2.44323000000000        3.35869125000000      -0.255765927140147     
   2.44323000000000        3.66384500000000      -0.238871563198396     
   2.44323000000000        3.96899875000000      -0.223961192344338     
   2.44323000000000        4.27415250000000      -0.210824713967430     
   2.44323000000000        4.57930625000000      -0.199205773201873     
   2.44323000000000        4.88446000000000      -0.188782232604263     
   2.44323000000000        5.18961375000000      -0.179249424830039     
   2.44323000000000        5.49476750000000      -0.170410835712255     
   2.44323000000000        5.79992125000000      -0.162199954930849     
   2.44323000000000        6.10507500000000      -0.154627139533829     
   2.44323000000000        6.41022875000000      -0.147702846461446     
   2.44323000000000        6.71538250000000      -0.141404491707120     
   2.44323000000000        7.02053625000000      -0.135736651608079     
   2.44323000000000        7.32569000000000      -0.130789296267599     
   2.74838375000000       2.000000000000000E-003 -0.651823870746037     
   2.74838375000000       0.307153750000000      -0.632692225720369     
   2.74838375000000       0.612307500000000      -0.583674907618849     
   2.74838375000000       0.917461250000000      -0.522775813902953     
   2.74838375000000        1.22261500000000      -0.466168378572308     
   2.74838375000000        1.52776875000000      -0.417472681383431     
   2.74838375000000        1.83292250000000      -0.375941674961974     
   2.74838375000000        2.13807625000000      -0.341173614276374     
   2.74838375000000        2.44323000000000      -0.312397134710848     
   2.74838375000000        2.74838375000000      -0.288446955716475     
   2.74838375000000        3.05353750000000      -0.268081988006264     
   2.74838375000000        3.35869125000000      -0.250316233562265     
   2.74838375000000        3.66384500000000      -0.234557823162820     
   2.74838375000000        3.96899875000000      -0.220526321481383     
   2.74838375000000        4.27415250000000      -0.208059056876292     
   2.74838375000000        4.57930625000000      -0.196956142276260     
   2.74838375000000        4.88446000000000      -0.186949471055877     
   2.74838375000000        5.18961375000000      -0.177775929230967     
   2.74838375000000        5.49476750000000      -0.169267313745466     
   2.74838375000000        5.79992125000000      -0.161377471772092     
   2.74838375000000        6.10507500000000      -0.154127958537008     
   2.74838375000000        6.41022875000000      -0.147502124038449     
   2.74838375000000        6.71538250000000      -0.141444678655248     
   2.74838375000000        7.02053625000000      -0.135957995044497     
   2.74838375000000        7.32569000000000      -0.131140933021904     
   3.05353750000000       2.000000000000000E-003 -0.624257736657160     
   3.05353750000000       0.307153750000000      -0.603018031387791     
   3.05353750000000       0.612307500000000      -0.551592430540543     
   3.05353750000000       0.917461250000000      -0.491865193086905     
   3.05353750000000        1.22261500000000      -0.437251038100857     
   3.05353750000000        1.52776875000000      -0.392811957976426     
   3.05353750000000        1.83292250000000      -0.356077445667506     
   3.05353750000000        2.13807625000000      -0.325492245150335     
   3.05353750000000        2.44323000000000      -0.300016963665281     
   3.05353750000000        2.74838375000000      -0.278580720253779     
   3.05353750000000        3.05353750000000      -0.260141450715732     
   3.05353750000000        3.35869125000000      -0.243886375819754     
   3.05353750000000        3.66384500000000      -0.229331826209924     
   3.05353750000000        3.96899875000000      -0.216257604632177     
   3.05353750000000        4.27415250000000      -0.204545436603346     
   3.05353750000000        4.57930625000000      -0.194041501753167     
   3.05353750000000        4.88446000000000      -0.184527297530882     
   3.05353750000000        5.18961375000000      -0.175788022377023     
   3.05353750000000        5.49476750000000      -0.167697693917246     
   3.05353750000000        5.79992125000000      -0.160247016477628     
   3.05353750000000        6.10507500000000      -0.153493388463736     
   3.05353750000000        6.41022875000000      -0.147453404136952     
   3.05353750000000        6.71538250000000      -0.141967219370687     
   3.05353750000000        7.02053625000000      -0.136725387896537     
   3.05353750000000        7.32569000000000      -0.131986088366051     
   3.35869125000000       2.000000000000000E-003 -0.575595720659843     
   3.35869125000000       0.307153750000000      -0.555257256386525     
   3.35869125000000       0.612307500000000      -0.507713822313626     
   3.35869125000000       0.917461250000000      -0.453887025437589     
   3.35869125000000        1.22261500000000      -0.405849339011588     
   3.35869125000000        1.52776875000000      -0.367140500521126     
   3.35869125000000        1.83292250000000      -0.335576673587249     
   3.35869125000000        2.13807625000000      -0.309239742862327     
   3.35869125000000        2.44323000000000      -0.287035489553840     
   3.35869125000000        2.74838375000000      -0.268062629815365     
   3.35869125000000        3.05353750000000      -0.251515037907857     
   3.35869125000000        3.35869125000000      -0.236772101923028     
   3.35869125000000        3.66384500000000      -0.223460013388540     
   3.35869125000000        3.96899875000000      -0.211405558358432     
   3.35869125000000        4.27415250000000      -0.200515136232097     
   3.35869125000000        4.57930625000000      -0.190664487388527     
   3.35869125000000        4.88446000000000      -0.181677983576546     
   3.35869125000000        5.18961375000000      -0.173392896274158     
   3.35869125000000        5.49476750000000      -0.165735492207527     
   3.35869125000000        5.79992125000000      -0.158749008868838     
   3.35869125000000        6.10507500000000      -0.152572418847408     
   3.35869125000000        6.41022875000000      -0.147302615447640     
   3.35869125000000        6.71538250000000      -0.142606806369448     
   3.35869125000000        7.02053625000000      -0.137764303547972     
   3.35869125000000        7.32569000000000      -0.133043342844016     
   3.66384500000000       2.000000000000000E-003 -0.513527941100878     
   3.66384500000000       0.307153750000000      -0.499825643756773     
   3.66384500000000       0.612307500000000      -0.461410019177401     
   3.66384500000000       0.917461250000000      -0.415881597623379     
   3.66384500000000        1.22261500000000      -0.375271376536415     
   3.66384500000000        1.52776875000000      -0.342574192079790     
   3.66384500000000        1.83292250000000      -0.315816377372415     
   3.66384500000000        2.13807625000000      -0.293266044518500     
   3.66384500000000        2.44323000000000      -0.273975033889881     
   3.66384500000000        2.74838375000000      -0.257249333465672     
   3.66384500000000        3.05353750000000      -0.242492995012330     
   3.66384500000000        3.35869125000000      -0.229238570357429     
   3.66384500000000        3.66384500000000      -0.217189443883349     
   3.66384500000000        3.96899875000000      -0.206194153385518     
   3.66384500000000        4.27415250000000      -0.196163735947389     
   3.66384500000000        4.57930625000000      -0.186989739237075     
   3.66384500000000        4.88446000000000      -0.178533131306163     
   3.66384500000000        5.18961375000000      -0.170681694648309     
   3.66384500000000        5.49476750000000      -0.163412181307565     
   3.66384500000000        5.79992125000000      -0.156813187713604     
   3.66384500000000        6.10507500000000      -0.151087280615633     
   3.66384500000000        6.41022875000000      -0.146370811158775     
   3.66384500000000        6.71538250000000      -0.142313829303889     
   3.66384500000000        7.02053625000000      -0.138078940838913     
   3.66384500000000        7.32569000000000      -0.134324137289545     
   3.96899875000000       2.000000000000000E-003 -0.468129755837838     
   3.96899875000000       0.307153750000000      -0.453244681790366     
   3.96899875000000       0.612307500000000      -0.418902090049051     
   3.96899875000000       0.917461250000000      -0.380557512136544     
   3.96899875000000        1.22261500000000      -0.346817807212475     
   3.96899875000000        1.52776875000000      -0.319526669768022     
   3.96899875000000        1.83292250000000      -0.296975144074868     
   3.96899875000000        2.13807625000000      -0.277706435916328     
   3.96899875000000        2.44323000000000      -0.261002863329480     
   3.96899875000000        2.74838375000000      -0.246357411405879     
   3.96899875000000        3.05353750000000      -0.233321949038912     
   3.96899875000000        3.35869125000000      -0.221527508664402     
   3.96899875000000        3.66384500000000      -0.210726838299571     
   3.96899875000000        3.96899875000000      -0.200782486012604     
   3.96899875000000        4.27415250000000      -0.191606959109804     
   3.96899875000000        4.57930625000000      -0.183103790818501     
   3.96899875000000        4.88446000000000      -0.175164755124178     
   3.96899875000000        5.18961375000000      -0.167718103899744     
   3.96899875000000        5.49476750000000      -0.160775163966074     
   3.96899875000000        5.79992125000000      -0.154438972909539     
   3.96899875000000        6.10507500000000      -0.148886774743246     
   3.96899875000000        6.41022875000000      -0.144235358541663     
   3.96899875000000        6.71538250000000      -0.140137257793069     
   3.96899875000000        7.02053625000000      -0.135733419721774     
   3.96899875000000        7.32569000000000      -0.130961663764094     
   4.27415250000000       2.000000000000000E-003 -0.412092047224309     
   4.27415250000000       0.307153750000000      -0.400744987452684     
   4.27415250000000       0.612307500000000      -0.374647284780415     
   4.27415250000000       0.917461250000000      -0.345431889692046     
   4.27415250000000        1.22261500000000      -0.319079854850923     
   4.27415250000000        1.52776875000000      -0.297199694938004     
   4.27415250000000        1.83292250000000      -0.278586596929079     
   4.27415250000000        2.13807625000000      -0.262402397113772     
   4.27415250000000        2.44323000000000      -0.248196686360791     
   4.27415250000000        2.74838375000000      -0.235600786433771     
   4.27415250000000        3.05353750000000      -0.224257768321846     
   4.27415250000000        3.35869125000000      -0.213868482896351     
   4.27415250000000        3.66384500000000      -0.204238677374738     
   4.27415250000000        3.96899875000000      -0.195266643911713     
   4.27415250000000        4.27415250000000      -0.186887196556636     
   4.27415250000000        4.57930625000000      -0.179024022490901     
   4.27415250000000        4.88446000000000      -0.171592434303169     
   4.27415250000000        5.18961375000000      -0.164542566695474     
   4.27415250000000        5.49476750000000      -0.157896516438282     
   4.27415250000000        5.79992125000000      -0.151744331404765     
   4.27415250000000        6.10507500000000      -0.146196221759302     
   4.27415250000000        6.41022875000000      -0.141296536068264     
   4.27415250000000        6.71538250000000      -0.136833196897265     
   4.27415250000000        7.02053625000000      -0.132334512185880     
   4.27415250000000        7.32569000000000      -0.127868672930382     
   4.57930625000000       2.000000000000000E-003 -0.351301425376488     
   4.57930625000000       0.307153750000000      -0.344859416932991     
   4.57930625000000       0.612307500000000      -0.329164076661991     
   4.57930625000000       0.917461250000000      -0.310088890753794     
   4.57930625000000        1.22261500000000      -0.291644803135502     
   4.57930625000000        1.52776875000000      -0.275142975777967     
   4.57930625000000        1.83292250000000      -0.260475640350950     
   4.57930625000000        2.13807625000000      -0.247435090866621     
   4.57930625000000        2.44323000000000      -0.235790350867296     
   4.57930625000000        2.74838375000000      -0.225259376024494     
   4.57930625000000        3.05353750000000      -0.215551052590021     
   4.57930625000000        3.35869125000000      -0.206445066218315     
   4.57930625000000        3.66384500000000      -0.197833354257195     
   4.57930625000000        3.96899875000000      -0.189690657826745     
   4.57930625000000        4.27415250000000      -0.182006633635209     
   4.57930625000000        4.57930625000000      -0.174737349464480     
   4.57930625000000        4.88446000000000      -0.167812213688451     
   4.57930625000000        5.18961375000000      -0.161180969885643     
   4.57930625000000        5.49476750000000      -0.154853259234969     
   4.57930625000000        5.79992125000000      -0.148894687430278     
   4.57930625000000        6.10507500000000      -0.143377480006763     
   4.57930625000000        6.41022875000000      -0.138303624515857     
   4.57930625000000        6.71538250000000      -0.133592171998838     
   4.57930625000000        7.02053625000000      -0.129138798009754     
   4.57930625000000        7.32569000000000      -0.124982533677481     
   4.88446000000000       2.000000000000000E-003 -0.300489233336911     
   4.88446000000000       0.307153750000000      -0.297327505856241     
   4.88446000000000       0.612307500000000      -0.289020512391768     
   4.88446000000000       0.917461250000000      -0.277754606836578     
   4.88446000000000        1.22261500000000      -0.265701453923610     
   4.88446000000000        1.52776875000000      -0.254037220966896     
   4.88446000000000        1.83292250000000      -0.243207907634165     
   4.88446000000000        2.13807625000000      -0.233293357735245     
   4.88446000000000        2.44323000000000      -0.224166616073862     
   4.88446000000000        2.74838375000000      -0.215595391069413     
   4.88446000000000        3.05353750000000      -0.207357144257379     
   4.88446000000000        3.35869125000000      -0.199335678158672     
   4.88446000000000        3.66384500000000      -0.191543749095196     
   4.88446000000000        3.96899875000000      -0.184065258792953     
   4.88446000000000        4.27415250000000      -0.176966759719251     
   4.88446000000000        4.57930625000000      -0.170242525605713     
   4.88446000000000        4.88446000000000      -0.163826780854644     
   4.88446000000000        5.18961375000000      -0.157651640165253     
   4.88446000000000        5.49476750000000      -0.151698485194218     
   4.88446000000000        5.79992125000000      -0.146004918717129     
   4.88446000000000        6.10507500000000      -0.140628875930090     
   4.88446000000000        6.41022875000000      -0.135601157833296     
   4.88446000000000        6.71538250000000      -0.130907813040263     
   4.88446000000000        7.02053625000000      -0.126545103336821     
   4.88446000000000        7.32569000000000      -0.122598317919416     
   5.18961375000000       2.000000000000000E-003 -0.263137068991478     
   5.18961375000000       0.307153750000000      -0.261487527464602     
   5.18961375000000       0.612307500000000      -0.256957930270971     
   5.18961375000000       0.917461250000000      -0.250433519471439     
   5.18961375000000        1.22261500000000      -0.242931060361970     
   5.18961375000000        1.52776875000000      -0.235223199242707     
   5.18961375000000        1.83292250000000      -0.227729176272211     
   5.18961375000000        2.13807625000000      -0.220559996858005     
   5.18961375000000        2.44323000000000      -0.213611690108618     
   5.18961375000000        2.74838375000000      -0.206691380489211     
   5.18961375000000        3.05353750000000      -0.199653984098243     
   5.18961375000000        3.35869125000000      -0.192493907119585     
   5.18961375000000        3.66384500000000      -0.185345689031180     
   5.18961375000000        3.96899875000000      -0.178400993350949     
   5.18961375000000        4.27415250000000      -0.171801446895306     
   5.18961375000000        4.57930625000000      -0.165576977637028     
   5.18961375000000        4.88446000000000      -0.159663155003927     
   5.18961375000000        5.18961375000000      -0.153970868244646     
   5.18961375000000        5.49476750000000      -0.148450745963462     
   5.18961375000000        5.79992125000000      -0.143112666196843     
   5.18961375000000        6.10507500000000      -0.138002726761254     
   5.18961375000000        6.41022875000000      -0.133169818057119     
   5.18961375000000        6.71538250000000      -0.128653348916516     
   5.18961375000000        7.02053625000000      -0.124498031843369     
   5.18961375000000        7.32569000000000      -0.120760267872687     
   5.49476750000000       2.000000000000000E-003 -0.235751419440006     
   5.49476750000000       0.307153750000000      -0.234866801721309     
   5.49476750000000       0.612307500000000      -0.232512504741760     
   5.49476750000000       0.917461250000000      -0.228993381668342     
   5.49476750000000        1.22261500000000      -0.224597775550819     
   5.49476750000000        1.52776875000000      -0.219709296576523     
   5.49476750000000        1.83292250000000      -0.214630789239296     
   5.49476750000000        2.13807625000000      -0.209450457059307     
   5.49476750000000        2.44323000000000      -0.204083956039490     
   5.49476750000000        2.74838375000000      -0.198385938167561     
   5.49476750000000        3.05353750000000      -0.192276480105176     
   5.49476750000000        3.35869125000000      -0.185821206094805     
   5.49476750000000        3.66384500000000      -0.179225949245798     
   5.49476750000000        3.96899875000000      -0.172751016473929     
   5.49476750000000        4.27415250000000      -0.166594817394428     
   5.49476750000000        4.57930625000000      -0.160821167299367     
   5.49476750000000        4.88446000000000      -0.155375125871921     
   5.49476750000000        5.18961375000000      -0.150159510055771     
   5.49476750000000        5.49476750000000      -0.145106392029807     
   5.49476750000000        5.79992125000000      -0.140203215451529     
   5.49476750000000        6.10507500000000      -0.135477498239350     
   5.49476750000000        6.41022875000000      -0.130969563931362     
   5.49476750000000        6.71538250000000      -0.126729196814624     
   5.49476750000000        7.02053625000000      -0.122819519453085     
   5.49476750000000        7.32569000000000      -0.119291192411859     
   5.79992125000000       2.000000000000000E-003 -0.218600855021805     
   5.79992125000000       0.307153750000000      -0.217879935724474     
   5.79992125000000       0.612307500000000      -0.216051323851752     
   5.79992125000000       0.917461250000000      -0.213635559730304     
   5.79992125000000        1.22261500000000      -0.210778453695629     
   5.79992125000000        1.52776875000000      -0.207475543420977     
   5.79992125000000        1.83292250000000      -0.203720398513194     
   5.79992125000000        2.13807625000000      -0.199652590209508     
   5.79992125000000        2.44323000000000      -0.195250492391504     
   5.79992125000000        2.74838375000000      -0.190419700930387     
   5.79992125000000        3.05353750000000      -0.185095751513169     
   5.79992125000000        3.35869125000000      -0.179321393423642     
   5.79992125000000        3.66384500000000      -0.173277784211389     
   5.79992125000000        3.96899875000000      -0.167244734746580     
   5.79992125000000        4.27415250000000      -0.161476979464521     
   5.79992125000000        4.57930625000000      -0.156085009993649     
   5.79992125000000        4.88446000000000      -0.151038386198708     
   5.79992125000000        5.18961375000000      -0.146253583096110     
   5.79992125000000        5.49476750000000      -0.141665087879351     
   5.79992125000000        5.79992125000000      -0.137248116615317     
   5.79992125000000        6.10507500000000      -0.133006309185843     
   5.79992125000000        6.41022875000000      -0.128973773722423     
   5.79992125000000        6.71538250000000      -0.125148386259276     
   5.79992125000000        7.02053625000000      -0.121527177547712     
   5.79992125000000        7.32569000000000      -0.118177144664568     
   6.10507500000000       2.000000000000000E-003 -0.210812046412588     
   6.10507500000000       0.307153750000000      -0.209361686813281     
   6.10507500000000       0.612307500000000      -0.206421574631817     
   6.10507500000000       0.917461250000000      -0.203513575357204     
   6.10507500000000        1.22261500000000      -0.200663391300366     
   6.10507500000000        1.52776875000000      -0.197593259143494     
   6.10507500000000        1.83292250000000      -0.194240430505686     
   6.10507500000000        2.13807625000000      -0.190611983815775     
   6.10507500000000        2.44323000000000      -0.186785133269515     
   6.10507500000000        2.74838375000000      -0.182703431792371     
   6.10507500000000        3.05353750000000      -0.178237776379494     
   6.10507500000000        3.35869125000000      -0.173254011167516     
   6.10507500000000        3.66384500000000      -0.167764546487431     
   6.10507500000000        3.96899875000000      -0.162071245866114     
   6.10507500000000        4.27415250000000      -0.156581196168605     
   6.10507500000000        4.57930625000000      -0.151480457490832     
   6.10507500000000        4.88446000000000      -0.146744981187907     
   6.10507500000000        5.18961375000000      -0.142316791549833     
   6.10507500000000        5.49476750000000      -0.138154980890900     
   6.10507500000000        5.79992125000000      -0.134236024340562     
   6.10507500000000        6.10507500000000      -0.130568551585524     
   6.10507500000000        6.41022875000000      -0.127113459736168     
   6.10507500000000        6.71538250000000      -0.123760295017495     
   6.10507500000000        7.02053625000000      -0.120376919878452     
   6.10507500000000        7.32569000000000      -0.117114623111477     
   6.41022875000000       2.000000000000000E-003 -0.210828965868642     
   6.41022875000000       0.307153750000000      -0.206923739079225     
   6.41022875000000       0.612307500000000      -0.200776407974475     
   6.41022875000000       0.917461250000000      -0.196436266013544     
   6.41022875000000        1.22261500000000      -0.192803777653118     
   6.41022875000000        1.52776875000000      -0.189119887081359     
   6.41022875000000        1.83292250000000      -0.185488830974318     
   6.41022875000000        2.13807625000000      -0.181984584437534     
   6.41022875000000        2.44323000000000      -0.178652248956080     
   6.41022875000000        2.74838375000000      -0.175471929156933     
   6.41022875000000        3.05353750000000      -0.172132761118268     
   6.41022875000000        3.35869125000000      -0.168034534351276     
   6.41022875000000        3.66384500000000      -0.162952786579276     
   6.41022875000000        3.96899875000000      -0.157395220638810     
   6.41022875000000        4.27415250000000      -0.152006827866757     
   6.41022875000000        4.57930625000000      -0.147091132118676     
   6.41022875000000        4.88446000000000      -0.142601697324055     
   6.41022875000000        5.18961375000000      -0.138447317808377     
   6.41022875000000        5.49476750000000      -0.134643650976998     
   6.41022875000000        5.79992125000000      -0.131197328314639     
   6.41022875000000        6.10507500000000      -0.128077655067244     
   6.41022875000000        6.41022875000000      -0.125224944306986     
   6.41022875000000        6.71538250000000      -0.122452498723553     
   6.41022875000000        7.02053625000000      -0.119266928688644     
   6.41022875000000        7.32569000000000      -0.115869557054819     
   6.71538250000000       2.000000000000000E-003 -0.214097178074383     
   6.71538250000000       0.307153750000000      -0.204681691202815     
   6.71538250000000       0.612307500000000      -0.195228251087577     
   6.71538250000000       0.917461250000000      -0.190536016125255     
   6.71538250000000        1.22261500000000      -0.186106408977136     
   6.71538250000000        1.52776875000000      -0.181488632199567     
   6.71538250000000        1.83292250000000      -0.177273802554206     
   6.71538250000000        2.13807625000000      -0.173829773412217     
   6.71538250000000        2.44323000000000      -0.171077393444778     
   6.71538250000000        2.74838375000000      -0.168997246060102     
   6.71538250000000        3.05353750000000      -0.166900082611861     
   6.71538250000000        3.35869125000000      -0.163698710116323     
   6.71538250000000        3.66384500000000      -0.158826627223303     
   6.71538250000000        3.96899875000000      -0.153301157134703     
   6.71538250000000        4.27415250000000      -0.148028666298643     
   6.71538250000000        4.57930625000000      -0.143131536567886     
   6.71538250000000        4.88446000000000      -0.138740143104443     
   6.71538250000000        5.18961375000000      -0.134767969055830     
   6.71538250000000        5.49476750000000      -0.131235241513626     
   6.71538250000000        5.79992125000000      -0.128165267069072     
   6.71538250000000        6.10507500000000      -0.125439223337779     
   6.71538250000000        6.41022875000000      -0.123055535584191     
   6.71538250000000        6.71538250000000      -0.121008462531405     
   6.71538250000000        7.02053625000000      -0.118394382753298     
   6.71538250000000        7.32569000000000      -0.114549529419528     
   7.02053625000000       2.000000000000000E-003 -0.206266135735162     
   7.02053625000000       0.307153750000000      -0.195309898126022     
   7.02053625000000       0.612307500000000      -0.189592275566656     
   7.02053625000000       0.917461250000000      -0.185512504795128     
   7.02053625000000        1.22261500000000      -0.179992902824712     
   7.02053625000000        1.52776875000000      -0.174432435456467     
   7.02053625000000        1.83292250000000      -0.169756051218190     
   7.02053625000000        2.13807625000000      -0.166386564991395     
   7.02053625000000        2.44323000000000      -0.164191470496590     
   7.02053625000000        2.74838375000000      -0.163000792583661     
   7.02053625000000        3.05353750000000      -0.162000743872942     
   7.02053625000000        3.35869125000000      -0.159673220971900     
   7.02053625000000        3.66384500000000      -0.155142190517609     
   7.02053625000000        3.96899875000000      -0.149902790646507     
   7.02053625000000        4.27415250000000      -0.144840404677570     
   7.02053625000000        4.57930625000000      -0.139843223104738     
   7.02053625000000        4.88446000000000      -0.135298654887026     
   7.02053625000000        5.18961375000000      -0.131383320667900     
   7.02053625000000        5.49476750000000      -0.128044370271796     
   7.02053625000000        5.79992125000000      -0.125229268743540     
   7.02053625000000        6.10507500000000      -0.122693621127902     
   7.02053625000000        6.41022875000000      -0.120391441699964     
   7.02053625000000        6.71538250000000      -0.118624697939623     
   7.02053625000000        7.02053625000000      -0.117665526593793     
   7.02053625000000        7.32569000000000      -0.114541325019628     
   7.32569000000000       2.000000000000000E-003 -0.187241412560606     
   7.32569000000000       0.307153750000000      -0.191593981732416     
   7.32569000000000       0.612307500000000      -0.186834120978927     
   7.32569000000000       0.917461250000000      -0.180158826325858     
   7.32569000000000        1.22261500000000      -0.173440548565998     
   7.32569000000000        1.52776875000000      -0.167560241337277     
   7.32569000000000        1.83292250000000      -0.162910262444138     
   7.32569000000000        2.13807625000000      -0.159717828609134     
   7.32569000000000        2.44323000000000      -0.157803313163293     
   7.32569000000000        2.74838375000000      -0.156964861741113     
   7.32569000000000        3.05353750000000      -0.156405581433580     
   7.32569000000000        3.35869125000000      -0.154559585604718     
   7.32569000000000        3.66384500000000      -0.151847088675779     
   7.32569000000000        3.96899875000000      -0.147134060207714     
   7.32569000000000        4.27415250000000      -0.142110467317092     
   7.32569000000000        4.57930625000000      -0.136902511080721     
   7.32569000000000        4.88446000000000      -0.132207016841610     
   7.32569000000000        5.18961375000000      -0.128304449222689     
   7.32569000000000        5.49476750000000      -0.125132945108307     
   7.32569000000000        5.79992125000000      -0.122516695459253     
   7.32569000000000        6.10507500000000      -0.120164988610548     
   7.32569000000000        6.41022875000000      -0.117961902318863     
   7.32569000000000        6.71538250000000      -0.116076987000320     
   7.32569000000000        7.02053625000000      -0.115314042691542     
   7.32569000000000        7.32569000000000      -0.114259756079497     
